{
  "camera_angle_x": 0.6911112070083618,
  "frames": [
    {
      "file_path": "./train/r_0",
      "rotation": 0.012566370614359171,
      "transform_matrix": [
        [
          -0.04659058526158333,
          0.17529651522636414,
          -0.9834126234054565,
          -3.9642629623413086
        ],
        [
          -0.9989140629768372,
          -0.008176046423614025,
          0.04586757719516754,
          0.18489810824394226
        ],
        [
          -9.313225746154785e-10,
          0.984481692314148,
          0.17548708617687225,
          0.7074110507965088
        ],
        [
          0.0,
          0.0,
          0.0,
          1.0
        ]
      ]
    },
    {
      "file_path": "./train/r_11",
      "rotation": 0.012566370614359171,
      "transform_matrix": [
        [
          0.46710333228111267,
          0.8708292245864868,
          -0.15320220589637756,
          -0.617577850818634
        ],
        [
          -0.884202778339386,
          0.4600383937358856,
          -0.0809330865740776,
          -0.32625171542167664
        ],
        [
          0.0,
          0.17326587438583374,
          0.9848750829696655,
          3.970158338546753
        ],
        [
          0.0,
          0.0,
          0.0,
          1.0
        ]
      ]
    },
    {
      "file_path": "./train/r_14",
      "rotation": 0.012566370614359171,
      "transform_matrix": [
        [
          -0.0232132188975811,
          -0.7149856686592102,
          0.6987535953521729,
          2.816765785217285
        ],
        [
          0.9997305870056152,
          -0.01660159043967724,
          0.01622469164431095,
          0.06540382653474808
        ],
        [
          0.0,
          0.6989418864250183,
          0.715178370475769,
          2.8829762935638428
        ],
        [
          0.0,
          0.0,
          0.0,
          1.0
        ]
      ]
    },
    {
      "file_path": "./train/r_57",
      "rotation": 0.012566370614359171,
      "transform_matrix": [
        [
          -0.05328943952918053,
          -0.16863788664340973,
          0.984236478805542,
          3.9675841331481934
        ],
        [
          0.9985790848731995,
          -0.008999406360089779,
          0.05252404510974884,
          0.2117311954498291
        ],
        [
          0.0,
          0.9856370091438293,
          0.16887784004211426,
          0.6807683706283569
        ],
        [
          0.0,
          0.0,
          0.0,
          1.0
        ]
      ]
    },
    {
      "file_path": "./train/r_82",
      "rotation": 0.012566370614359171,
      "transform_matrix": [
        [
          -0.9344656467437744,
          0.11078739166259766,
          -0.3383786976337433,
          -1.3640481233596802
        ],
        [
          -0.35605332255363464,
          -0.29076263308525085,
          0.8880783319473267,
          3.579958200454712
        ],
        [
          0.0,
          0.9503594636917114,
          0.31115397810935974,
          1.2543017864227295
        ],
        [
          0.0,
          0.0,
          0.0,
          1.0
        ]
      ]
    },
    {
      "file_path": "./train/r_98",
      "rotation": 0.012566370614359171,
      "transform_matrix": [
        [
          0.4392211437225342,
          -0.8530649542808533,
          0.28171780705451965,
          1.1356408596038818
        ],
        [
          0.8983790278434753,
          0.41706690192222595,
          -0.13773298263549805,
          -0.5552194118499756
        ],
        [
          7.450581485102248e-09,
          0.31358444690704346,
          0.9495602250099182,
          3.8277997970581055
        ],
        [
          0.0,
          0.0,
          0.0,
          1.0
        ]
      ]
    }
  ]
}
