{
  "camera_angle_x": 0.6911112070083618,
  "frames": [
    {
      "file_path": "./train/r_0",
      "rotation": 0.012566370614359171,
      "transform_matrix": [
        [
          -0.9903792142868042,
          -0.023305540904402733,
          0.13640420138835907,
          0.5498628616333008
        ],
        [
          0.13838082551956177,
          -0.16679565608501434,
          0.976232647895813,
          3.935319185256958
        ],
        [
          -1.862645371275562e-09,
          0.9857159852981567,
          0.16841599345207214,
          0.6789065003395081
        ],
        [
          0.0,
          0.0,
          0.0,
          1.0
        ]
      ]
    },
    {
      "file_path": "./train/r_9",
      "rotation": 0.012566370614359171,
      "transform_matrix": [
        [
          0.8848505020141602,
          0.42693036794662476,
          -0.1864679753780365,
          -0.7516764402389526
        ],
        [
          -0.46587538719177246,
          0.8108810782432556,
          -0.3541639447212219,
          -1.427680492401123
        ],
        [
          0.0,
          0.4002528488636017,
          0.916404664516449,
          3.694145441055298
        ],
        [
          0.0,
          0.0,
          0.0,
          1.0
        ]
      ]
    },
    {
      "file_path": "./train/r_14",
      "rotation": 0.012566370614359171,
      "transform_matrix": [
        [
          0.998323380947113,
          -0.05769515037536621,
          -0.004667821805924177,
          -0.018816590309143066
        ],
        [
          -0.057883672416210175,
          -0.9950720071792603,
          -0.08050622791051865,
          -0.3245309591293335
        ],
        [
          0.0,
          0.0806414932012558,
          -0.9967432618141174,
          -4.01800012588501
        ],
        [
          0.0,
          0.0,
          0.0,
          1.0
        ]
      ]
    },
    {
      "file_path": "./train/r_21",
      "rotation": 0.012566370614359171,
      "transform_matrix": [
        [
          0.7269603610038757,
          -0.17190085351467133,
          -0.6648149490356445,
          -2.6799545288085938
        ],
        [
          -0.6866796016693115,
          -0.18198458850383759,
          -0.7038131356239319,
          -2.8371613025665283
        ],
        [
          7.450581485102248e-09,
          0.9681588411331177,
          -0.2503363788127899,
          -1.0091381072998047
        ],
        [
          0.0,
          0.0,
          0.0,
          1.0
        ]
      ]
    },
    {
      "file_path": "./train/r_30",
      "rotation": 0.012566370614359171,
      "transform_matrix": [
        [
          -0.768254816532135,
          -0.3680342435836792,
          -0.5237706899642944,
          -2.111387014389038
        ],
        [
          -0.6401445269584656,
          0.44168782234191895,
          0.6285912990570068,
          2.5339324474334717
        ],
        [
          0.0,
          0.8182069659233093,
          -0.5749238133430481,
          -2.317591667175293
        ],
        [
          0.0,
          0.0,
          0.0,
          1.0
        ]
      ]
    },
    {
      "file_path": "./train/r_32",
      "rotation": 0.012566370614359171,
      "transform_matrix": [
        [
          -0.8845512866973877,
          -0.07919196784496307,
          0.4596715271472931,
          1.8529951572418213
        ],
        [
          0.4664433002471924,
          -0.15017765760421753,
          0.8717094659805298,
          3.5139732360839844
        ],
        [
          7.450581485102248e-09,
          0.9854822754859924,
          0.16977837681770325,
          0.6843985319137573
        ],
        [
          0.0,
          0.0,
          0.0,
          1.0
        ]
      ]
    },
    {
      "file_path": "./train/r_34",
      "rotation": 0.012566370614359171,
      "transform_matrix": [
        [
          0.9827767014503479,
          0.01778804510831833,
          0.18394003808498383,
          0.7414859533309937
        ],
        [
          0.18479815125465393,
          -0.09459874778985977,
          -0.9782131314277649,
          -3.943302869796753
        ],
        [
          -1.862645593320167e-09,
          0.9953565001487732,
          -0.09625665098428726,
          -0.38802289962768555
        ],
        [
          0.0,
          0.0,
          0.0,
          1.0
        ]
      ]
    },
    {
      "file_path": "./train/r_45",
      "rotation": 0.012566370614359171,
      "transform_matrix": [
        [
          -0.9655335545539856,
          0.038228996098041534,
          -0.25745660066604614,
          -1.0378406047821045
        ],
        [
          -0.26027941703796387,
          -0.1418144255876541,
          0.9550620317459106,
          3.849977731704712
        ],
        [
          3.725291186640334e-09,
          0.9891547560691833,
          0.14687679708003998,
          0.592079222202301
        ],
        [
          0.0,
          0.0,
          0.0,
          1.0
        ]
      ]
    },
    {
      "file_path": "./train/r_59",
      "rotation": 0.012566370614359171,
      "transform_matrix": [
        [
          -0.1713351458311081,
          0.0213832538574934,
          -0.9849808812141418,
          -3.9705843925476074
        ],
        [
          -0.9852129817008972,
          -0.0037186911795288324,
          0.17129479348659515,
          0.6905113458633423
        ],
        [
          4.656613983300417e-10,
          0.9997643828392029,
          0.02170420065522194,
          0.08749242126941681
        ],
        [
          0.0,
          0.0,
          0.0,
          1.0
        ]
      ]
    },
    {
      "file_path": "./train/r_77",
      "rotation": 0.012566370614359171,
      "transform_matrix": [
        [
          -0.9996786117553711,
          0.0223421361297369,
          0.011990643106400967,
          0.04833582043647766
        ],
        [
          0.025356393307447433,
          0.8808411955833435,
          0.47273242473602295,
          1.9056451320648193
        ],
        [
          0.0,
          0.4728843569755554,
          -0.8811246156692505,
          -3.551926374435425
        ],
        [
          0.0,
          0.0,
          0.0,
          1.0
        ]
      ]
    },
    {
      "file_path": "./train/r_88",
      "rotation": 0.012566370614359171,
      "transform_matrix": [
        [
          0.16928021609783173,
          0.7514552474021912,
          0.6376983523368835,
          2.5706441402435303
        ],
        [
          0.9855681657791138,
          -0.12906920909881592,
          -0.10953044146299362,
          -0.4415312707424164
        ],
        [
          0.0,
          0.6470363140106201,
          -0.7624592185020447,
          -3.073570966720581
        ],
        [
          0.0,
          0.0,
          0.0,
          1.0
        ]
      ]
    },
    {
      "file_path": "./train/r_96",
      "rotation": 0.012566370614359171,
      "transform_matrix": [
        [
          0.6808705925941467,
          0.013142002746462822,
          0.7322859168052673,
          2.9519386291503906
        ],
        [
          0.7324038147926331,
          -0.012217308394610882,
          -0.6807609796524048,
          -2.744235038757324
        ],
        [
          0.0,
          0.9998390078544617,
          -0.01794365979731083,
          -0.0723332017660141
        ],
        [
          0.0,
          0.0,
          0.0,
          1.0
        ]
      ]
    }
  ]
}
