{
  "camera_angle_x": 0.6194058656692505,
  "frames": [
    {
      "file_path": "./train/r_14",
      "rotation": 0.012566370614359171,
      "transform_matrix": [
        [
          -0.9997804760932922,
          -0.004428272135555744,
          -0.02048291452229023,
          -0.08256927132606506
        ],
        [
          -0.0209561325609684,
          0.21126513183116913,
          0.9772040843963623,
          3.9392356872558594
        ],
        [
          0.0,
          0.9774187803268433,
          -0.21131151914596558,
          -0.8518239855766296
        ],
        [
          0.0,
          0.0,
          0.0,
          1.0
        ]
      ]
    },
    {
      "file_path": "./train/r_25",
      "rotation": 0.012566370614359171,
      "transform_matrix": [
        [
          0.8324961066246033,
          0.5328204035758972,
          0.15183067321777344,
          0.6120491027832031
        ],
        [
          0.5540308952331543,
          -0.8006249070167542,
          -0.2281433343887329,
          -0.9196752309799194
        ],
        [
          -7.450580596923828e-09,
          0.2740474045276642,
          -0.9617161154747009,
          -3.8768019676208496
        ],
        [
          0.0,
          0.0,
          0.0,
          1.0
        ]
      ]
    },
    {
      "file_path": "./train/r_61",
      "rotation": 0.012566370614359171,
      "transform_matrix": [
        [
          0.9821193218231201,
          -0.1730467975139618,
          0.0741392970085144,
          0.29886510968208313
        ],
        [
          0.188260018825531,
          0.9027546048164368,
          -0.38677164912223816,
          -1.5591264963150024
        ],
        [
          0.0,
          0.3938133120536804,
          0.9191903471946716,
          3.7053749561309814
        ],
        [
          0.0,
          0.0,
          0.0,
          1.0
        ]
      ]
    }
  ]
}
