{
  "camera_angle_x": 0.6911112070083618,
  "frames": [
    {
      "file_path": "./train/r_32",
      "rotation": 0.012566370614359171,
      "transform_matrix": [
        [
          -0.18280649185180664,
          -0.12908056378364563,
          0.9746382832527161,
          3.9288928508758545
        ],
        [
          0.983148992061615,
          -0.024001212790608406,
          0.1812240183353424,
          0.730537474155426
        ],
        [
          1.862645371275562e-09,
          0.99134361743927,
          0.13129298388957977,
          0.5292590260505676
        ],
        [
          0.0,
          0.0,
          0.0,
          1.0
        ]
      ]
    },
    {
      "file_path": "./train/r_40",
      "rotation": 0.012566370614359171,
      "transform_matrix": [
        [
          0.8136462569236755,
          0.07885117828845978,
          -0.575988233089447,
          -2.321882486343384
        ],
        [
          -0.581360399723053,
          0.11035660654306412,
          -0.8061275482177734,
          -3.249603748321533
        ],
        [
          0.0,
          0.9907592535018921,
          0.13563218712806702,
          0.5467507839202881
        ],
        [
          0.0,
          0.0,
          0.0,
          1.0
        ]
      ]
    },
    {
      "file_path": "./train/r_59",
      "rotation": 0.012566370614359171,
      "transform_matrix": [
        [
          -0.09391547739505768,
          -0.9955053925514221,
          0.01220554206520319,
          0.04920211434364319
        ],
        [
          0.9955801963806152,
          -0.09390842914581299,
          0.0011513782665133476,
          0.004641354084014893
        ],
        [
          0.0,
          0.012261522002518177,
          0.999924898147583,
          4.030826091766357
        ],
        [
          0.0,
          0.0,
          0.0,
          1.0
        ]
      ]
    }
  ]
}
