{
  "camera_angle_x": 0.6194058656692505,
  "frames": [
    {
      "file_path": "./train/r_2",
      "rotation": 0.012566370614359171,
      "transform_matrix": [
        [
          -0.8944634795188904,
          -0.29777172207832336,
          0.3335669934749603,
          1.344651699066162
        ],
        [
          0.4471408724784851,
          -0.5956645011901855,
          0.6672695875167847,
          2.689850091934204
        ],
        [
          0.0,
          0.745999813079834,
          0.6659460663795471,
          2.6845147609710693
        ],
        [
          0.0,
          0.0,
          0.0,
          1.0
        ]
      ]
    },
    {
      "file_path": "./train/r_14",
      "rotation": 0.012566370614359171,
      "transform_matrix": [
        [
          -0.9997804760932922,
          -0.004428272135555744,
          -0.02048291452229023,
          -0.08256927132606506
        ],
        [
          -0.0209561325609684,
          0.21126513183116913,
          0.9772040843963623,
          3.9392356872558594
        ],
        [
          0.0,
          0.9774187803268433,
          -0.21131151914596558,
          -0.8518239855766296
        ],
        [
          0.0,
          0.0,
          0.0,
          1.0
        ]
      ]
    },
    {
      "file_path": "./train/r_21",
      "rotation": 0.012566370614359171,
      "transform_matrix": [
        [
          0.8701537251472473,
          0.03934556245803833,
          -0.49120721220970154,
          -1.9801195859909058
        ],
        [
          -0.492780476808548,
          0.06947654485702515,
          -0.8673756122589111,
          -3.4965028762817383
        ],
        [
          0.0,
          0.996807336807251,
          0.07984399795532227,
          0.3218614459037781
        ],
        [
          0.0,
          0.0,
          0.0,
          1.0
        ]
      ]
    },
    {
      "file_path": "./train/r_25",
      "rotation": 0.012566370614359171,
      "transform_matrix": [
        [
          0.8324961066246033,
          0.5328204035758972,
          0.15183067321777344,
          0.6120491027832031
        ],
        [
          0.5540308952331543,
          -0.8006249070167542,
          -0.2281433343887329,
          -0.9196752309799194
        ],
        [
          -7.450580596923828e-09,
          0.2740474045276642,
          -0.9617161154747009,
          -3.8768019676208496
        ],
        [
          0.0,
          0.0,
          0.0,
          1.0
        ]
      ]
    },
    {
      "file_path": "./train/r_50",
      "rotation": 0.012566370614359171,
      "transform_matrix": [
        [
          0.9081781506538391,
          0.0002186699421145022,
          0.41858378052711487,
          1.687365174293518
        ],
        [
          0.41858386993408203,
          -0.0004744360048789531,
          -0.9081779718399048,
          -3.660982608795166
        ],
        [
          -1.4551915228366852e-11,
          0.9999999403953552,
          -0.0005224040360189974,
          -0.0021058779675513506
        ],
        [
          0.0,
          0.0,
          0.0,
          1.0
        ]
      ]
    },
    {
      "file_path": "./train/r_54",
      "rotation": 0.012566370614359171,
      "transform_matrix": [
        [
          0.0793725773692131,
          -0.6720527410507202,
          -0.7362371683120728,
          -2.967866897583008
        ],
        [
          -0.996845006942749,
          -0.05351138487458229,
          -0.05862199515104294,
          -0.23631282150745392
        ],
        [
          3.7252898543727042e-09,
          0.7385672926902771,
          -0.67417973279953,
          -2.717705488204956
        ],
        [
          0.0,
          0.0,
          0.0,
          1.0
        ]
      ]
    },
    {
      "file_path": "./train/r_55",
      "rotation": 0.012566370614359171,
      "transform_matrix": [
        [
          -0.04469908028841019,
          -0.03629111498594284,
          -0.9983410239219666,
          -4.024441719055176
        ],
        [
          -0.9990004897117615,
          0.0016238023526966572,
          0.04466957226395607,
          0.18006882071495056
        ],
        [
          -1.1641532182693481e-10,
          0.9993398785591125,
          -0.03632742166519165,
          -0.1464405357837677
        ],
        [
          0.0,
          0.0,
          0.0,
          1.0
        ]
      ]
    },
    {
      "file_path": "./train/r_69",
      "rotation": 0.012566370614359171,
      "transform_matrix": [
        [
          -0.6926244497299194,
          0.4100843369960785,
          -0.5933820009231567,
          -2.3919992446899414
        ],
        [
          -0.7212984561920166,
          -0.3937821388244629,
          0.5697931051254272,
          2.2969095706939697
        ],
        [
          0.0,
          0.822658121585846,
          0.5685363411903381,
          2.2918434143066406
        ],
        [
          0.0,
          0.0,
          0.0,
          1.0
        ]
      ]
    },
    {
      "file_path": "./train/r_73",
      "rotation": 0.012566370614359171,
      "transform_matrix": [
        [
          0.9631868004798889,
          0.21694259345531464,
          -0.1587677299976349,
          -0.6400132179260254
        ],
        [
          -0.268833190202713,
          0.7772709727287292,
          -0.5688396692276001,
          -2.2930660247802734
        ],
        [
          -7.450581485102248e-09,
          0.5905808210372925,
          0.8069784045219421,
          3.2530341148376465
        ],
        [
          0.0,
          0.0,
          0.0,
          1.0
        ]
      ]
    },
    {
      "file_path": "./train/r_84",
      "rotation": 0.012566370614359171,
      "transform_matrix": [
        [
          -0.8183017373085022,
          -0.19771161675453186,
          0.539715051651001,
          2.1756608486175537
        ],
        [
          0.5747887492179871,
          -0.28147339820861816,
          0.7683687806129456,
          3.09739351272583
        ],
        [
          0.0,
          0.9389796853065491,
          0.3439725935459137,
          1.3865978717803955
        ],
        [
          0.0,
          0.0,
          0.0,
          1.0
        ]
      ]
    },
    {
      "file_path": "./train/r_88",
      "rotation": 0.012566370614359171,
      "transform_matrix": [
        [
          0.3159625232219696,
          0.6561641693115234,
          0.6852855682373047,
          2.762474536895752
        ],
        [
          0.9487717747688293,
          -0.21851757168769836,
          -0.22821564972400665,
          -0.9199666976928711
        ],
        [
          0.0,
          0.7222870588302612,
          -0.69159334897995,
          -2.7879018783569336
        ],
        [
          0.0,
          0.0,
          0.0,
          1.0
        ]
      ]
    },
    {
      "file_path": "./train/r_92",
      "rotation": 0.012566370614359171,
      "transform_matrix": [
        [
          0.9940613508224487,
          0.005030383355915546,
          0.10870476812124252,
          0.43820294737815857
        ],
        [
          0.1088210865855217,
          -0.04595165699720383,
          -0.9929987192153931,
          -4.00290584564209
        ],
        [
          -4.6566125955216364e-10,
          0.9989309906959534,
          -0.046226177364587784,
          -0.18634368479251862
        ],
        [
          0.0,
          0.0,
          0.0,
          1.0
        ]
      ]
    }
  ]
}
