{
  "camera_angle_x": 0.6911112070083618,
  "frames": [
    {
      "file_path": "./train/r_0",
      "rotation": 0.012566370614359171,
      "transform_matrix": [
        [
          -0.9250140190124512,
          0.2748899757862091,
          -0.2622683644294739,
          -1.0572376251220703
        ],
        [
          -0.3799331784248352,
          -0.6692678928375244,
          0.6385383605957031,
          2.5740303993225098
        ],
        [
          0.0,
          0.6903012990951538,
          0.7235219478607178,
          2.9166102409362793
        ],
        [
          0.0,
          0.0,
          0.0,
          1.0
        ]
      ]
    },
    {
      "file_path": "./train/r_2",
      "rotation": 0.012566370614359171,
      "transform_matrix": [
        [
          0.3260957896709442,
          0.14048941433429718,
          -0.934839129447937,
          -3.7684571743011475
        ],
        [
          -0.9453368186950684,
          0.04846210405230522,
          -0.3224746286869049,
          -1.2999367713928223
        ],
        [
          0.0,
          0.9888953566551208,
          0.1486130952835083,
          0.5990785360336304
        ],
        [
          0.0,
          0.0,
          0.0,
          1.0
        ]
      ]
    },
    {
      "file_path": "./train/r_8",
      "rotation": 0.012566370614359171,
      "transform_matrix": [
        [
          0.9012928605079651,
          0.18108686804771423,
          -0.39354631304740906,
          -1.5864359140396118
        ],
        [
          -0.4332102835178375,
          0.37675073742866516,
          -0.8187720775604248,
          -3.3005757331848145
        ],
        [
          -1.4901161193847656e-08,
          0.9084417223930359,
          0.41801145672798157,
          1.6850581169128418
        ],
        [
          0.0,
          0.0,
          0.0,
          1.0
        ]
      ]
    },
    {
      "file_path": "./train/r_10",
      "rotation": 0.012566370614359171,
      "transform_matrix": [
        [
          -0.9964723587036133,
          0.0291383545845747,
          -0.07870139926671982,
          -0.31725549697875977
        ],
        [
          -0.08392231911420822,
          -0.3459814488887787,
          0.9344804883003235,
          3.7670114040374756
        ],
        [
          0.0,
          0.937788724899292,
          0.3472062945365906,
          1.3996332883834839
        ],
        [
          0.0,
          0.0,
          0.0,
          1.0
        ]
      ]
    },
    {
      "file_path": "./train/r_14",
      "rotation": 0.012566370614359171,
      "transform_matrix": [
        [
          0.7454707622528076,
          -0.35735198855400085,
          0.5626480579376221,
          2.2681069374084473
        ],
        [
          0.6665382385253906,
          0.39967018365859985,
          -0.6292777061462402,
          -2.5366995334625244
        ],
        [
          0.0,
          0.8441345691680908,
          0.5361312031745911,
          2.1612141132354736
        ],
        [
          0.0,
          0.0,
          0.0,
          1.0
        ]
      ]
    },
    {
      "file_path": "./train/r_17",
      "rotation": 0.012566370614359171,
      "transform_matrix": [
        [
          -0.9516690969467163,
          -0.07177157700061798,
          0.29862138628959656,
          1.2037813663482666
        ],
        [
          0.3071252107620239,
          -0.2223939448595047,
          0.9253188371658325,
          3.7300796508789062
        ],
        [
          -7.450580596923828e-09,
          0.9723115563392639,
          0.23368830978870392,
          0.9420276880264282
        ],
        [
          0.0,
          0.0,
          0.0,
          1.0
        ]
      ]
    },
    {
      "file_path": "./train/r_24",
      "rotation": 0.012566370614359171,
      "transform_matrix": [
        [
          0.697782039642334,
          0.20249579846858978,
          -0.6870921850204468,
          -2.7697572708129883
        ],
        [
          -0.7163101434707642,
          0.19725804030895233,
          -0.6693198084831238,
          -2.6981143951416016
        ],
        [
          1.4901161193847656e-08,
          0.9592105150222778,
          0.28269290924072266,
          1.1395715475082397
        ],
        [
          0.0,
          0.0,
          0.0,
          1.0
        ]
      ]
    },
    {
      "file_path": "./train/r_25",
      "rotation": 0.012566370614359171,
      "transform_matrix": [
        [
          0.2353692352771759,
          0.523441731929779,
          -0.8189079165458679,
          -3.3011233806610107
        ],
        [
          -0.9719060659408569,
          0.12676335871219635,
          -0.1983172446489334,
          -0.7994424104690552
        ],
        [
          -7.450580596923828e-09,
          0.8425793051719666,
          0.5385723114013672,
          2.1710543632507324
        ],
        [
          0.0,
          0.0,
          0.0,
          1.0
        ]
      ]
    },
    {
      "file_path": "./train/r_30",
      "rotation": 0.012566370614359171,
      "transform_matrix": [
        [
          -0.8545518517494202,
          0.3337990343570709,
          -0.397893488407135,
          -1.6039599180221558
        ],
        [
          -0.5193659067153931,
          -0.5492246747016907,
          0.6546841263771057,
          2.639116048812866
        ],
        [
          1.4901158529312397e-08,
          0.7661139369010925,
          0.6427048444747925,
          2.5908260345458984
        ],
        [
          0.0,
          0.0,
          0.0,
          1.0
        ]
      ]
    },
    {
      "file_path": "./train/r_32",
      "rotation": 0.012566370614359171,
      "transform_matrix": [
        [
          0.9925857782363892,
          -0.0175014715641737,
          0.12028004974126816,
          0.48486438393592834
        ],
        [
          0.121546670794487,
          0.14292214810848236,
          -0.9822421669960022,
          -3.9595448970794678
        ],
        [
          0.0,
          0.9895792007446289,
          0.14398972690105438,
          0.5804411768913269
        ],
        [
          0.0,
          0.0,
          0.0,
          1.0
        ]
      ]
    },
    {
      "file_path": "./train/r_33",
      "rotation": 0.012566370614359171,
      "transform_matrix": [
        [
          -0.9745739698410034,
          -0.15182095766067505,
          0.1647910624742508,
          0.6642939448356628
        ],
        [
          0.22406631708145142,
          -0.660343587398529,
          0.7167569398880005,
          2.8893392086029053
        ],
        [
          0.0,
          0.735456645488739,
          0.6775718331336975,
          2.7313790321350098
        ],
        [
          0.0,
          0.0,
          0.0,
          1.0
        ]
      ]
    },
    {
      "file_path": "./train/r_35",
      "rotation": 0.012566370614359171,
      "transform_matrix": [
        [
          -0.9998512864112854,
          0.01611357368528843,
          -0.006153763271868229,
          -0.024806614965200424
        ],
        [
          -0.01724865660071373,
          -0.9340540766716003,
          0.3567146062850952,
          1.4379626512527466
        ],
        [
          0.0,
          0.3567677140235901,
          0.9341930747032166,
          3.765852928161621
        ],
        [
          0.0,
          0.0,
          0.0,
          1.0
        ]
      ]
    },
    {
      "file_path": "./train/r_50",
      "rotation": 0.012566370614359171,
      "transform_matrix": [
        [
          0.31597405672073364,
          -0.14568167924880981,
          0.9375165104866028,
          3.779249906539917
        ],
        [
          0.948767900466919,
          0.04851727932691574,
          -0.31222695112228394,
          -1.2586270570755005
        ],
        [
          -3.725290742551124e-09,
          0.9881411194801331,
          0.15354828536510468,
          0.6189729571342468
        ],
        [
          0.0,
          0.0,
          0.0,
          1.0
        ]
      ]
    },
    {
      "file_path": "./train/r_55",
      "rotation": 0.012566370614359171,
      "transform_matrix": [
        [
          0.33969300985336304,
          0.579878568649292,
          -0.7405062913894653,
          -2.985076427459717
        ],
        [
          -0.940536379814148,
          0.20943443477153778,
          -0.2674482464790344,
          -1.0781183242797852
        ],
        [
          1.4901159417490817e-08,
          0.7873234748840332,
          0.616540253162384,
          2.4853532314300537
        ],
        [
          0.0,
          0.0,
          0.0,
          1.0
        ]
      ]
    },
    {
      "file_path": "./train/r_57",
      "rotation": 0.012566370614359171,
      "transform_matrix": [
        [
          -0.38771894574165344,
          -0.921513020992279,
          0.022083932533860207,
          0.0890231728553772
        ],
        [
          0.921777606010437,
          -0.3876076638698578,
          0.009288963861763477,
          0.037445008754730225
        ],
        [
          9.313225191043273e-10,
          0.02395581640303135,
          0.9997129440307617,
          4.029971599578857
        ],
        [
          0.0,
          0.0,
          0.0,
          1.0
        ]
      ]
    },
    {
      "file_path": "./train/r_59",
      "rotation": 0.012566370614359171,
      "transform_matrix": [
        [
          -0.4221813976764679,
          0.22305302321910858,
          -0.8786411285400391,
          -3.5419156551361084
        ],
        [
          -0.9065114259719849,
          -0.10388047248125076,
          0.40920162200927734,
          1.6495444774627686
        ],
        [
          0.0,
          0.9692555069923401,
          0.24605651199817657,
          0.9918855428695679
        ],
        [
          0.0,
          0.0,
          0.0,
          1.0
        ]
      ]
    },
    {
      "file_path": "./train/r_60",
      "rotation": 0.012566370614359171,
      "transform_matrix": [
        [
          -0.8108186721801758,
          -0.20059384405612946,
          0.5498501658439636,
          2.2165169715881348
        ],
        [
          0.5852974057197571,
          -0.27788475155830383,
          0.7617132067680359,
          3.070564031600952
        ],
        [
          -1.4901160305669237e-08,
          0.939437210559845,
          0.34272119402885437,
          1.381553292274475
        ],
        [
          0.0,
          0.0,
          0.0,
          1.0
        ]
      ]
    },
    {
      "file_path": "./train/r_61",
      "rotation": 0.012566370614359171,
      "transform_matrix": [
        [
          0.9783369302749634,
          -0.17395949363708496,
          0.11222725361585617,
          0.4524025321006775
        ],
        [
          0.20701898634433746,
          0.8221033215522766,
          -0.5303671360015869,
          -2.1379783153533936
        ],
        [
          0.0,
          0.5421109795570374,
          0.8403068780899048,
          3.387385368347168
        ],
        [
          0.0,
          0.0,
          0.0,
          1.0
        ]
      ]
    },
    {
      "file_path": "./train/r_63",
      "rotation": 0.012566370614359171,
      "transform_matrix": [
        [
          0.8122538924217224,
          0.4458027780056,
          -0.37616950273513794,
          -1.5163878202438354
        ],
        [
          -0.5833039879798889,
          0.620782732963562,
          -0.5238180160522461,
          -2.1115779876708984
        ],
        [
          1.4901160305669237e-08,
          0.6448943614959717,
          0.76427161693573,
          3.0808775424957275
        ],
        [
          0.0,
          0.0,
          0.0,
          1.0
        ]
      ]
    },
    {
      "file_path": "./train/r_73",
      "rotation": 0.012566370614359171,
      "transform_matrix": [
        [
          -0.9027246236801147,
          -0.24642638862133026,
          0.35265055298805237,
          1.4215798377990723
        ],
        [
          0.43021905422210693,
          -0.5170742273330688,
          0.7399633526802063,
          2.9828877449035645
        ],
        [
          1.4901162970204496e-08,
          0.8197000622749329,
          0.5727929472923279,
          2.309002161026001
        ],
        [
          0.0,
          0.0,
          0.0,
          1.0
        ]
      ]
    },
    {
      "file_path": "./train/r_78",
      "rotation": 0.012566370614359171,
      "transform_matrix": [
        [
          0.9869961738586426,
          0.14933481812477112,
          -0.0594794787466526,
          -0.23976944386959076
        ],
        [
          -0.16074419021606445,
          0.9169406890869141,
          -0.36521393060684204,
          -1.472224473953247
        ],
        [
          0.0,
          0.3700255751609802,
          0.9290215373039246,
          3.7450056076049805
        ],
        [
          0.0,
          0.0,
          0.0,
          1.0
        ]
      ]
    },
    {
      "file_path": "./train/r_91",
      "rotation": 0.012566370614359171,
      "transform_matrix": [
        [
          -0.5352773666381836,
          -0.29994329810142517,
          0.7896278500556946,
          3.183091640472412
        ],
        [
          0.8446763753890991,
          -0.19007618725299835,
          0.500392735004425,
          2.0171475410461426
        ],
        [
          1.4901161193847656e-08,
          0.9348288774490356,
          0.35509851574897766,
          1.4314478635787964
        ],
        [
          0.0,
          0.0,
          0.0,
          1.0
        ]
      ]
    },
    {
      "file_path": "./train/r_94",
      "rotation": 0.012566370614359171,
      "transform_matrix": [
        [
          0.8838344812393188,
          -0.46092304587364197,
          0.0799165740609169,
          0.3221540153026581
        ],
        [
          0.4677999019622803,
          0.8708417415618896,
          -0.150989830493927,
          -0.6086594462394714
        ],
        [
          7.450581485102248e-09,
          0.17083492875099182,
          0.9852996468544006,
          3.971869945526123
        ],
        [
          0.0,
          0.0,
          0.0,
          1.0
        ]
      ]
    },
    {
      "file_path": "./train/r_99",
      "rotation": 0.012566370614359171,
      "transform_matrix": [
        [
          0.9339407086372375,
          -0.2587057054042816,
          0.24662955105304718,
          0.9941955208778381
        ],
        [
          0.35742801427841187,
          0.6759845018386841,
          -0.6444301605224609,
          -2.597781181335449
        ],
        [
          0.0,
          0.6900118589401245,
          0.7237980365753174,
          2.9177231788635254
        ],
        [
          0.0,
          0.0,
          0.0,
          1.0
        ]
      ]
    }
  ]
}
