{
  "camera_angle_x": 0.6194058656692505,
  "frames": [
    {
      "file_path": "./train/r_3",
      "rotation": 0.012566370614359171,
      "transform_matrix": [
        [
          -0.7553182244300842,
          -0.33101558685302734,
          0.5656178593635559,
          2.280078172683716
        ],
        [
          0.6553587317466736,
          -0.38150420784950256,
          0.6518895030021667,
          2.627850294113159
        ],
        [
          -1.4901164746561335e-08,
          0.8630663752555847,
          0.5050908327102661,
          2.036086082458496
        ],
        [
          0.0,
          0.0,
          0.0,
          1.0
        ]
      ]
    },
    {
      "file_path": "./train/r_10",
      "rotation": 0.012566370614359171,
      "transform_matrix": [
        [
          0.8059674501419067,
          0.5537431240081787,
          -0.2092493176460266,
          -0.8435108661651611
        ],
        [
          -0.591960072517395,
          0.7539342045783997,
          -0.2848978042602539,
          -1.1484596729278564
        ],
        [
          0.0,
          0.3534855842590332,
          0.9354401230812073,
          3.7708792686462402
        ],
        [
          0.0,
          0.0,
          0.0,
          1.0
        ]
      ]
    },
    {
      "file_path": "./train/r_12",
      "rotation": 0.012566370614359171,
      "transform_matrix": [
        [
          0.34937962889671326,
          -0.14126531779766083,
          0.9262709617614746,
          3.7339179515838623
        ],
        [
          0.9369816184043884,
          0.05267469957470894,
          -0.3453858494758606,
          -1.392295002937317
        ],
        [
          0.0,
          0.988569438457489,
          0.15076638758182526,
          0.6077588200569153
        ],
        [
          0.0,
          0.0,
          0.0,
          1.0
        ]
      ]
    },
    {
      "file_path": "./train/r_20",
      "rotation": 0.012566370614359171,
      "transform_matrix": [
        [
          -0.9377964735031128,
          0.09749115258455276,
          -0.3332168161869049,
          -1.3432399034500122
        ],
        [
          -0.3471858501434326,
          -0.2633369266986847,
          0.90006422996521,
          3.628274917602539
        ],
        [
          7.450581485102248e-09,
          0.9597651958465576,
          0.28080394864082336,
          1.131956934928894
        ],
        [
          0.0,
          0.0,
          0.0,
          1.0
        ]
      ]
    },
    {
      "file_path": "./train/r_31",
      "rotation": 0.012566370614359171,
      "transform_matrix": [
        [
          0.6151498556137085,
          0.11093602329492569,
          -0.7805665731430054,
          -3.14656400680542
        ],
        [
          -0.788410484790802,
          0.08655679225921631,
          -0.6090297698974609,
          -2.4550771713256836
        ],
        [
          0.0,
          0.9900511503219604,
          0.14070849120616913,
          0.5672140121459961
        ],
        [
          0.0,
          0.0,
          0.0,
          1.0
        ]
      ]
    },
    {
      "file_path": "./train/r_61",
      "rotation": 0.012566370614359171,
      "transform_matrix": [
        [
          -0.3981618285179138,
          -0.862140953540802,
          0.3133375644683838,
          1.26310396194458
        ],
        [
          0.9173153638839722,
          -0.3742132782936096,
          0.13600453734397888,
          0.548251748085022
        ],
        [
          0.0,
          0.3415811359882355,
          0.9398524165153503,
          3.788665771484375
        ],
        [
          0.0,
          0.0,
          0.0,
          1.0
        ]
      ]
    },
    {
      "file_path": "./train/r_66",
      "rotation": 0.012566370614359171,
      "transform_matrix": [
        [
          0.13511687517166138,
          -0.419048011302948,
          0.8978543281555176,
          3.61936616897583
        ],
        [
          0.9908298254013062,
          0.05714448168873787,
          -0.12243805825710297,
          -0.49356353282928467
        ],
        [
          3.725290742551124e-09,
          0.9061641097068787,
          0.4229263961315155,
          1.704870581626892
        ],
        [
          0.0,
          0.0,
          0.0,
          1.0
        ]
      ]
    },
    {
      "file_path": "./train/r_71",
      "rotation": 0.012566370614359171,
      "transform_matrix": [
        [
          0.001445456175133586,
          0.36123916506767273,
          -0.9324720501899719,
          -3.7589151859283447
        ],
        [
          -0.9999991059303284,
          0.0005221558385528624,
          -0.001347848679870367,
          -0.00543335173279047
        ],
        [
          -2.910383739562761e-11,
          0.9324731826782227,
          0.361239492893219,
          1.4562029838562012
        ],
        [
          0.0,
          0.0,
          0.0,
          1.0
        ]
      ]
    },
    {
      "file_path": "./train/r_79",
      "rotation": 0.012566370614359171,
      "transform_matrix": [
        [
          -0.9987956285476685,
          -0.03887011110782623,
          0.02994419075548649,
          0.1207088753581047
        ],
        [
          0.0490666925907135,
          -0.7912352681159973,
          0.6095402836799622,
          2.4571352005004883
        ],
        [
          0.0,
          0.6102752685546875,
          0.7921894788742065,
          3.193417549133301
        ],
        [
          0.0,
          0.0,
          0.0,
          1.0
        ]
      ]
    },
    {
      "file_path": "./train/r_88",
      "rotation": 0.012566370614359171,
      "transform_matrix": [
        [
          -0.8996375799179077,
          -0.2604300379753113,
          0.350469708442688,
          1.4127886295318604
        ],
        [
          0.4366381764411926,
          -0.5365830063819885,
          0.7220982909202576,
          2.9108712673187256
        ],
        [
          0.0,
          0.8026551008224487,
          0.5964436531066895,
          2.404341220855713
        ],
        [
          0.0,
          0.0,
          0.0,
          1.0
        ]
      ]
    },
    {
      "file_path": "./train/r_92",
      "rotation": 0.012566370614359171,
      "transform_matrix": [
        [
          0.7773694396018982,
          0.4188605844974518,
          -0.469310998916626,
          -1.8918527364730835
        ],
        [
          -0.6290445923805237,
          0.5176252722740173,
          -0.5799716114997864,
          -2.337939739227295
        ],
        [
          -1.4901162970204496e-08,
          0.7460694313049316,
          0.6658682227134705,
          2.6842000484466553
        ],
        [
          0.0,
          0.0,
          0.0,
          1.0
        ]
      ]
    },
    {
      "file_path": "./train/r_97",
      "rotation": 0.012566370614359171,
      "transform_matrix": [
        [
          -0.3252365291118622,
          0.8519631028175354,
          -0.4103417992591858,
          -1.6541404724121094
        ],
        [
          -0.945632815361023,
          -0.29302018880844116,
          0.14113104343414307,
          0.5689173936843872
        ],
        [
          7.450581485102248e-09,
          0.4339335262775421,
          0.9009450078010559,
          3.6318249702453613
        ],
        [
          0.0,
          0.0,
          0.0,
          1.0
        ]
      ]
    }
  ]
}
