{
  "camera_angle_x": 0.6911112070083618,
  "frames": [
    {
      "file_path": "./train/r_16",
      "rotation": 0.012566370614359171,
      "transform_matrix": [
        [
          0.9736602306365967,
          -0.1829541176557541,
          0.13606448471546173,
          0.548493504524231
        ],
        [
          0.2280038297176361,
          0.7812812924385071,
          -0.5810453295707703,
          -2.342268705368042
        ],
        [
          0.0,
          0.5967638492584229,
          0.8024168014526367,
          3.2346456050872803
        ],
        [
          0.0,
          0.0,
          0.0,
          1.0
        ]
      ]
    },
    {
      "file_path": "./train/r_32",
      "rotation": 0.012566370614359171,
      "transform_matrix": [
        [
          -0.18280649185180664,
          -0.12908056378364563,
          0.9746382832527161,
          3.9288928508758545
        ],
        [
          0.983148992061615,
          -0.024001212790608406,
          0.1812240183353424,
          0.730537474155426
        ],
        [
          1.862645371275562e-09,
          0.99134361743927,
          0.13129298388957977,
          0.5292590260505676
        ],
        [
          0.0,
          0.0,
          0.0,
          1.0
        ]
      ]
    },
    {
      "file_path": "./train/r_34",
      "rotation": 0.012566370614359171,
      "transform_matrix": [
        [
          0.39255228638648987,
          0.6692782044410706,
          -0.6308481097221375,
          -2.543030261993408
        ],
        [
          -0.9197297096252441,
          0.2856564223766327,
          -0.2692539691925049,
          -1.0853976011276245
        ],
        [
          0.0,
          0.6859059929847717,
          0.7276900410652161,
          2.933412551879883
        ],
        [
          0.0,
          0.0,
          0.0,
          1.0
        ]
      ]
    },
    {
      "file_path": "./train/r_40",
      "rotation": 0.012566370614359171,
      "transform_matrix": [
        [
          0.8136462569236755,
          0.07885117828845978,
          -0.575988233089447,
          -2.321882486343384
        ],
        [
          -0.581360399723053,
          0.11035660654306412,
          -0.8061275482177734,
          -3.249603748321533
        ],
        [
          0.0,
          0.9907592535018921,
          0.13563218712806702,
          0.5467507839202881
        ],
        [
          0.0,
          0.0,
          0.0,
          1.0
        ]
      ]
    },
    {
      "file_path": "./train/r_77",
      "rotation": 0.012566370614359171,
      "transform_matrix": [
        [
          0.9883852005004883,
          0.07628564536571503,
          -0.13143527507781982,
          -0.5298325419425964
        ],
        [
          -0.15196950733661652,
          0.49614956974983215,
          -0.8548338413238525,
          -3.4459455013275146
        ],
        [
          7.450580596923828e-09,
          0.864879310131073,
          0.5019798874855042,
          2.023545742034912
        ],
        [
          0.0,
          0.0,
          0.0,
          1.0
        ]
      ]
    },
    {
      "file_path": "./train/r_78",
      "rotation": 0.012566370614359171,
      "transform_matrix": [
        [
          -0.7995099425315857,
          -0.26517820358276367,
          0.5389474630355835,
          2.1725666522979736
        ],
        [
          0.6006528735160828,
          -0.3529702425003052,
          0.7173758745193481,
          2.8918347358703613
        ],
        [
          -2.9802322387695312e-08,
          0.8972694873809814,
          0.4414832592010498,
          1.7796759605407715
        ],
        [
          0.0,
          0.0,
          0.0,
          1.0
        ]
      ]
    }
  ]
}
