{
  "camera_angle_x": 0.6911112070083618,
  "frames": [
    {
      "file_path": "./train/r_4",
      "rotation": 0.012566370614359171,
      "transform_matrix": [
        [
          0.8626796007156372,
          -0.4161425530910492,
          0.28741881251335144,
          1.158622145652771
        ],
        [
          0.5057512521743774,
          0.7098305821418762,
          -0.4902614951133728,
          -1.9763070344924927
        ],
        [
          1.4901164746561335e-08,
          0.5683008432388306,
          0.8228209614753723,
          3.316896915435791
        ],
        [
          0.0,
          0.0,
          0.0,
          1.0
        ]
      ]
    },
    {
      "file_path": "./train/r_14",
      "rotation": 0.012566370614359171,
      "transform_matrix": [
        [
          0.998323380947113,
          -0.05769515037536621,
          -0.004667821805924177,
          -0.018816590309143066
        ],
        [
          -0.057883672416210175,
          -0.9950720071792603,
          -0.08050622791051865,
          -0.3245309591293335
        ],
        [
          0.0,
          0.0806414932012558,
          -0.9967432618141174,
          -4.01800012588501
        ],
        [
          0.0,
          0.0,
          0.0,
          1.0
        ]
      ]
    },
    {
      "file_path": "./train/r_77",
      "rotation": 0.012566370614359171,
      "transform_matrix": [
        [
          -0.9996786117553711,
          0.0223421361297369,
          0.011990643106400967,
          0.04833582043647766
        ],
        [
          0.025356393307447433,
          0.8808411955833435,
          0.47273242473602295,
          1.9056451320648193
        ],
        [
          0.0,
          0.4728843569755554,
          -0.8811246156692505,
          -3.551926374435425
        ],
        [
          0.0,
          0.0,
          0.0,
          1.0
        ]
      ]
    }
  ]
}
