{
  "camera_angle_x": 0.6911112070083618,
  "frames": [
    {
      "file_path": "./train/r_13",
      "rotation": 0.012566370614359171,
      "transform_matrix": [
        [
          0.8234031796455383,
          0.216934934258461,
          -0.5243533849716187,
          -2.113736152648926
        ],
        [
          -0.567456841468811,
          0.3147814869880676,
          -0.7608582377433777,
          -3.067117691040039
        ],
        [
          0.0,
          0.9240409135818481,
          0.38229331374168396,
          1.5410736799240112
        ],
        [
          0.0,
          0.0,
          0.0,
          1.0
        ]
      ]
    },
    {
      "file_path": "./train/r_20",
      "rotation": 0.012566370614359171,
      "transform_matrix": [
        [
          0.10969264805316925,
          -0.49124911427497864,
          0.8640843629837036,
          3.4832355976104736
        ],
        [
          0.9939656257629395,
          0.05421355739235878,
          -0.09535913169384003,
          -0.3844049572944641
        ],
        [
          3.725290742551124e-09,
          0.8693303465843201,
          0.4942314624786377,
          1.9923107624053955
        ],
        [
          0.0,
          0.0,
          0.0,
          1.0
        ]
      ]
    },
    {
      "file_path": "./train/r_32",
      "rotation": 0.012566370614359171,
      "transform_matrix": [
        [
          -0.18280649185180664,
          -0.12908056378364563,
          0.9746382832527161,
          3.9288928508758545
        ],
        [
          0.983148992061615,
          -0.024001212790608406,
          0.1812240183353424,
          0.730537474155426
        ],
        [
          1.862645371275562e-09,
          0.99134361743927,
          0.13129298388957977,
          0.5292590260505676
        ],
        [
          0.0,
          0.0,
          0.0,
          1.0
        ]
      ]
    },
    {
      "file_path": "./train/r_40",
      "rotation": 0.012566370614359171,
      "transform_matrix": [
        [
          0.8136462569236755,
          0.07885117828845978,
          -0.575988233089447,
          -2.321882486343384
        ],
        [
          -0.581360399723053,
          0.11035660654306412,
          -0.8061275482177734,
          -3.249603748321533
        ],
        [
          0.0,
          0.9907592535018921,
          0.13563218712806702,
          0.5467507839202881
        ],
        [
          0.0,
          0.0,
          0.0,
          1.0
        ]
      ]
    },
    {
      "file_path": "./train/r_41",
      "rotation": 0.012566370614359171,
      "transform_matrix": [
        [
          0.4142804741859436,
          -0.8870232701301575,
          0.20386578142642975,
          0.8218091726303101
        ],
        [
          0.9101492762565613,
          0.40375402569770813,
          -0.09279534965753555,
          -0.3740699887275696
        ],
        [
          0.0,
          0.22399146854877472,
          0.9745911359786987,
          3.9287021160125732
        ],
        [
          0.0,
          0.0,
          0.0,
          1.0
        ]
      ]
    },
    {
      "file_path": "./train/r_45",
      "rotation": 0.012566370614359171,
      "transform_matrix": [
        [
          -0.9762305021286011,
          0.10514937341213226,
          -0.1895197629928589,
          -0.7639786005020142
        ],
        [
          -0.21673518419265747,
          -0.47361961007118225,
          0.8536453247070312,
          3.4411544799804688
        ],
        [
          -7.450580596923828e-09,
          0.8744301199913025,
          0.4851514399051666,
          1.9557080268859863
        ],
        [
          0.0,
          0.0,
          0.0,
          1.0
        ]
      ]
    },
    {
      "file_path": "./train/r_59",
      "rotation": 0.012566370614359171,
      "transform_matrix": [
        [
          -0.09391547739505768,
          -0.9955053925514221,
          0.01220554206520319,
          0.04920211434364319
        ],
        [
          0.9955801963806152,
          -0.09390842914581299,
          0.0011513782665133476,
          0.004641354084014893
        ],
        [
          0.0,
          0.012261522002518177,
          0.999924898147583,
          4.030826091766357
        ],
        [
          0.0,
          0.0,
          0.0,
          1.0
        ]
      ]
    },
    {
      "file_path": "./train/r_70",
      "rotation": 0.012566370614359171,
      "transform_matrix": [
        [
          0.9856611490249634,
          0.044154100120067596,
          -0.16285736858844757,
          -0.6564990282058716
        ],
        [
          -0.16873681545257568,
          0.25792229175567627,
          -0.9513169527053833,
          -3.83488130569458
        ],
        [
          0.0,
          0.9651562571525574,
          0.2616743743419647,
          1.0548431873321533
        ],
        [
          0.0,
          0.0,
          0.0,
          1.0
        ]
      ]
    },
    {
      "file_path": "./train/r_99",
      "rotation": 0.012566370614359171,
      "transform_matrix": [
        [
          -0.4854813516139984,
          -0.7003613710403442,
          0.5232607126235962,
          2.1093313694000244
        ],
        [
          0.8742470741271973,
          -0.38892027735710144,
          0.2905738353729248,
          1.1713405847549438
        ],
        [
          1.4901161193847656e-08,
          0.5985273122787476,
          0.8011023998260498,
          3.229346990585327
        ],
        [
          0.0,
          0.0,
          0.0,
          1.0
        ]
      ]
    }
  ]
}
