{
  "camera_angle_x": 0.6911112070083618,
  "frames": [
    {
      "file_path": "./train/r_4",
      "rotation": 0.012566370614359171,
      "transform_matrix": [
        [
          0.8626796007156372,
          -0.4161425530910492,
          0.28741881251335144,
          1.158622145652771
        ],
        [
          0.5057512521743774,
          0.7098305821418762,
          -0.4902614951133728,
          -1.9763070344924927
        ],
        [
          1.4901164746561335e-08,
          0.5683008432388306,
          0.8228209614753723,
          3.316896915435791
        ],
        [
          0.0,
          0.0,
          0.0,
          1.0
        ]
      ]
    },
    {
      "file_path": "./train/r_8",
      "rotation": 0.012566370614359171,
      "transform_matrix": [
        [
          -0.9588800072669983,
          -0.002596308011561632,
          -0.2837999761104584,
          -1.1440341472625732
        ],
        [
          -0.2838118374347687,
          0.008771825581789017,
          0.958840012550354,
          3.8652071952819824
        ],
        [
          0.0,
          0.9999581575393677,
          -0.009147991426289082,
          -0.03687673062086105
        ],
        [
          0.0,
          0.0,
          0.0,
          1.0
        ]
      ]
    },
    {
      "file_path": "./train/r_14",
      "rotation": 0.012566370614359171,
      "transform_matrix": [
        [
          0.998323380947113,
          -0.05769515037536621,
          -0.004667821805924177,
          -0.018816590309143066
        ],
        [
          -0.057883672416210175,
          -0.9950720071792603,
          -0.08050622791051865,
          -0.3245309591293335
        ],
        [
          0.0,
          0.0806414932012558,
          -0.9967432618141174,
          -4.01800012588501
        ],
        [
          0.0,
          0.0,
          0.0,
          1.0
        ]
      ]
    },
    {
      "file_path": "./train/r_20",
      "rotation": 0.012566370614359171,
      "transform_matrix": [
        [
          -0.2572469711303711,
          0.13419635593891144,
          0.9569823741912842,
          3.8577194213867188
        ],
        [
          0.9663459062576294,
          0.03572385758161545,
          0.25475433468818665,
          1.0269476175308228
        ],
        [
          3.725291630729544e-09,
          0.990310549736023,
          -0.13886992633342743,
          -0.5598025918006897
        ],
        [
          0.0,
          0.0,
          0.0,
          1.0
        ]
      ]
    },
    {
      "file_path": "./train/r_22",
      "rotation": 0.012566370614359171,
      "transform_matrix": [
        [
          -0.5661349296569824,
          -0.24646583199501038,
          0.7866041660308838,
          3.1709022521972656
        ],
        [
          0.8243128657341003,
          -0.1692718118429184,
          0.54023677110672,
          2.1777639389038086
        ],
        [
          0.0,
          0.9542544484138489,
          0.29899561405181885,
          1.2052897214889526
        ],
        [
          0.0,
          0.0,
          0.0,
          1.0
        ]
      ]
    },
    {
      "file_path": "./train/r_77",
      "rotation": 0.012566370614359171,
      "transform_matrix": [
        [
          -0.9996786117553711,
          0.0223421361297369,
          0.011990643106400967,
          0.04833582043647766
        ],
        [
          0.025356393307447433,
          0.8808411955833435,
          0.47273242473602295,
          1.9056451320648193
        ],
        [
          0.0,
          0.4728843569755554,
          -0.8811246156692505,
          -3.551926374435425
        ],
        [
          0.0,
          0.0,
          0.0,
          1.0
        ]
      ]
    },
    {
      "file_path": "./train/r_81",
      "rotation": 0.012566370614359171,
      "transform_matrix": [
        [
          -0.2905496060848236,
          0.6892566680908203,
          0.6637064218521118,
          2.675485849380493
        ],
        [
          0.9568600058555603,
          0.20929211378097534,
          0.20153382420539856,
          0.8124086856842041
        ],
        [
          0.0,
          0.6936295628547668,
          -0.7203319072723389,
          -2.9037506580352783
        ],
        [
          0.0,
          0.0,
          0.0,
          1.0
        ]
      ]
    },
    {
      "file_path": "./train/r_87",
      "rotation": 0.012566370614359171,
      "transform_matrix": [
        [
          0.3565150201320648,
          -0.48831111192703247,
          -0.7965234518051147,
          -3.210888147354126
        ],
        [
          -0.9342898726463318,
          -0.18633431196212769,
          -0.30394482612609863,
          -1.225240707397461
        ],
        [
          -1.4901164746561335e-08,
          0.8525443077087402,
          -0.5226550102233887,
          -2.106889486312866
        ],
        [
          0.0,
          0.0,
          0.0,
          1.0
        ]
      ]
    },
    {
      "file_path": "./train/r_90",
      "rotation": 0.012566370614359171,
      "transform_matrix": [
        [
          0.1343667358160019,
          0.5407326817512512,
          -0.8303938508033752,
          -3.347424268722534
        ],
        [
          -0.9909318685531616,
          0.0733213797211647,
          -0.11259837448596954,
          -0.45389851927757263
        ],
        [
          0.0,
          0.8379928469657898,
          0.5456811785697937,
          2.1997108459472656
        ],
        [
          0.0,
          0.0,
          0.0,
          1.0
        ]
      ]
    }
  ]
}
