{
  "camera_angle_x": 0.6911112070083618,
  "frames": [
    {
      "file_path": "./train/r_0",
      "rotation": 0.012566370614359171,
      "transform_matrix": [
        [
          -0.04659058526158333,
          0.17529651522636414,
          -0.9834126234054565,
          -3.9642629623413086
        ],
        [
          -0.9989140629768372,
          -0.008176046423614025,
          0.04586757719516754,
          0.18489810824394226
        ],
        [
          -9.313225746154785e-10,
          0.984481692314148,
          0.17548708617687225,
          0.7074110507965088
        ],
        [
          0.0,
          0.0,
          0.0,
          1.0
        ]
      ]
    },
    {
      "file_path": "./train/r_57",
      "rotation": 0.012566370614359171,
      "transform_matrix": [
        [
          -0.05328943952918053,
          -0.16863788664340973,
          0.984236478805542,
          3.9675841331481934
        ],
        [
          0.9985790848731995,
          -0.008999406360089779,
          0.05252404510974884,
          0.2117311954498291
        ],
        [
          0.0,
          0.9856370091438293,
          0.16887784004211426,
          0.6807683706283569
        ],
        [
          0.0,
          0.0,
          0.0,
          1.0
        ]
      ]
    },
    {
      "file_path": "./train/r_77",
      "rotation": 0.012566370614359171,
      "transform_matrix": [
        [
          0.9075150489807129,
          -0.4160526394844055,
          0.057589251548051834,
          0.23214970529079437
        ],
        [
          0.4200194180011749,
          0.8989442586898804,
          -0.12443023175001144,
          -0.5015943050384521
        ],
        [
          -3.725290076417309e-09,
          0.13711106777191162,
          0.9905557036399841,
          3.9930577278137207
        ],
        [
          0.0,
          0.0,
          0.0,
          1.0
        ]
      ]
    }
  ]
}
