{
  "camera_angle_x": 0.6911112070083618,
  "frames": [
    {
      "file_path": "./train/r_12",
      "rotation": 0.012566370614359171,
      "transform_matrix": [
        [
          -0.6130470633506775,
          -0.6812429428100586,
          0.4001017212867737,
          1.6128616333007812
        ],
        [
          0.7900463938713074,
          -0.5286195874214172,
          0.3104642629623413,
          1.2515214681625366
        ],
        [
          2.9802322387695312e-08,
          0.5064281225204468,
          0.8622821569442749,
          3.475970506668091
        ],
        [
          0.0,
          0.0,
          0.0,
          1.0
        ]
      ]
    },
    {
      "file_path": "./train/r_19",
      "rotation": 0.012566370614359171,
      "transform_matrix": [
        [
          0.8502771258354187,
          0.5201511383056641,
          -0.0804457888007164,
          -0.3242873549461365
        ],
        [
          -0.5263351798057556,
          0.8402869701385498,
          -0.12995751202106476,
          -0.5238754749298096
        ],
        [
          0.0,
          0.15284141898155212,
          0.988250732421875,
          3.9837660789489746
        ],
        [
          0.0,
          0.0,
          0.0,
          1.0
        ]
      ]
    },
    {
      "file_path": "./train/r_32",
      "rotation": 0.012566370614359171,
      "transform_matrix": [
        [
          -0.18280649185180664,
          -0.12908056378364563,
          0.9746382832527161,
          3.9288928508758545
        ],
        [
          0.983148992061615,
          -0.024001212790608406,
          0.1812240183353424,
          0.730537474155426
        ],
        [
          1.862645371275562e-09,
          0.99134361743927,
          0.13129298388957977,
          0.5292590260505676
        ],
        [
          0.0,
          0.0,
          0.0,
          1.0
        ]
      ]
    },
    {
      "file_path": "./train/r_40",
      "rotation": 0.012566370614359171,
      "transform_matrix": [
        [
          0.8136462569236755,
          0.07885117828845978,
          -0.575988233089447,
          -2.321882486343384
        ],
        [
          -0.581360399723053,
          0.11035660654306412,
          -0.8061275482177734,
          -3.249603748321533
        ],
        [
          0.0,
          0.9907592535018921,
          0.13563218712806702,
          0.5467507839202881
        ],
        [
          0.0,
          0.0,
          0.0,
          1.0
        ]
      ]
    },
    {
      "file_path": "./train/r_46",
      "rotation": 0.012566370614359171,
      "transform_matrix": [
        [
          -0.9788251519203186,
          0.09135571867227554,
          -0.18318171799182892,
          -0.7384291291236877
        ],
        [
          -0.2046983689069748,
          -0.436844140291214,
          0.8759370446205139,
          3.531015157699585
        ],
        [
          0.0,
          0.8948861360549927,
          0.446294367313385,
          1.799070119857788
        ],
        [
          0.0,
          0.0,
          0.0,
          1.0
        ]
      ]
    },
    {
      "file_path": "./train/r_66",
      "rotation": 0.012566370614359171,
      "transform_matrix": [
        [
          0.9764869809150696,
          -0.1345631182193756,
          0.16842202842235565,
          0.678930938243866
        ],
        [
          0.21557646989822388,
          0.6095244288444519,
          -0.7628936171531677,
          -3.0753226280212402
        ],
        [
          0.0,
          0.7812634706497192,
          0.6242012977600098,
          2.516235828399658
        ],
        [
          0.0,
          0.0,
          0.0,
          1.0
        ]
      ]
    },
    {
      "file_path": "./train/r_71",
      "rotation": 0.012566370614359171,
      "transform_matrix": [
        [
          -0.40321609377861023,
          -0.5285177230834961,
          0.7470514178276062,
          3.011460542678833
        ],
        [
          0.915104866027832,
          -0.2328769862651825,
          0.3291679322719574,
          1.326918363571167
        ],
        [
          0.0,
          0.8163561820983887,
          0.5775488018989563,
          2.3281736373901367
        ],
        [
          0.0,
          0.0,
          0.0,
          1.0
        ]
      ]
    },
    {
      "file_path": "./train/r_79",
      "rotation": 0.012566370614359171,
      "transform_matrix": [
        [
          0.42499175667762756,
          -0.9020454287528992,
          0.07547271251678467,
          0.30424022674560547
        ],
        [
          0.905197262763977,
          0.42351195216178894,
          -0.035434573888778687,
          -0.14284133911132812
        ],
        [
          0.0,
          0.08337721228599548,
          0.9965180158615112,
          4.017092704772949
        ],
        [
          0.0,
          0.0,
          0.0,
          1.0
        ]
      ]
    },
    {
      "file_path": "./train/r_86",
      "rotation": 0.012566370614359171,
      "transform_matrix": [
        [
          0.5355470180511475,
          0.6895504593849182,
          -0.48755455017089844,
          -1.965395212173462
        ],
        [
          -0.8445053696632385,
          0.43728166818618774,
          -0.3091850280761719,
          -1.246364712715149
        ],
        [
          -1.4901161193847656e-08,
          0.5773256421089172,
          0.8165139555931091,
          3.291473150253296
        ],
        [
          0.0,
          0.0,
          0.0,
          1.0
        ]
      ]
    },
    {
      "file_path": "./train/r_88",
      "rotation": 0.012566370614359171,
      "transform_matrix": [
        [
          -0.9150131940841675,
          0.15698882937431335,
          -0.37162545323371887,
          -1.4980701208114624
        ],
        [
          -0.40342405438423157,
          -0.35606908798217773,
          0.842890202999115,
          3.397799015045166
        ],
        [
          1.4901161193847656e-08,
          0.9211782813072205,
          0.38914093375205994,
          1.568677306175232
        ],
        [
          0.0,
          0.0,
          0.0,
          1.0
        ]
      ]
    },
    {
      "file_path": "./train/r_94",
      "rotation": 0.012566370614359171,
      "transform_matrix": [
        [
          -0.7176306843757629,
          0.23795494437217712,
          -0.6545102000236511,
          -2.6384150981903076
        ],
        [
          -0.6964238882064819,
          -0.24520091712474823,
          0.6744407415390015,
          2.7187576293945312
        ],
        [
          0.0,
          0.939815878868103,
          0.34168118238449097,
          1.3773609399795532
        ],
        [
          0.0,
          0.0,
          0.0,
          1.0
        ]
      ]
    },
    {
      "file_path": "./train/r_96",
      "rotation": 0.012566370614359171,
      "transform_matrix": [
        [
          -0.6364544630050659,
          -0.27146193385124207,
          0.7219653725624084,
          2.9103357791900635
        ],
        [
          0.7713143229484558,
          -0.22399839758872986,
          0.5957339406013489,
          2.4014806747436523
        ],
        [
          0.0,
          0.936019778251648,
          0.35194724798202515,
          1.4187448024749756
        ],
        [
          0.0,
          0.0,
          0.0,
          1.0
        ]
      ]
    }
  ]
}
