{
  "camera_angle_x": 0.6194058656692505,
  "frames": [
    {
      "file_path": "./train/r_9",
      "rotation": 0.012566370614359171,
      "transform_matrix": [
        [
          -0.23337772488594055,
          0.4425659775733948,
          -0.8658348321914673,
          -3.4902923107147217
        ],
        [
          -0.9723862409591675,
          -0.106218121945858,
          0.2078048437833786,
          0.8376882672309875
        ],
        [
          7.450581485102248e-09,
          0.8904227614402771,
          0.45513394474983215,
          1.834703803062439
        ],
        [
          0.0,
          0.0,
          0.0,
          1.0
        ]
      ]
    },
    {
      "file_path": "./train/r_12",
      "rotation": 0.012566370614359171,
      "transform_matrix": [
        [
          -0.9713073372840881,
          0.20477892458438873,
          -0.12094450742006302,
          -0.48754292726516724
        ],
        [
          -0.23782765865325928,
          -0.8363336324691772,
          0.4939471185207367,
          1.9911646842956543
        ],
        [
          7.450580596923828e-09,
          0.5085383653640747,
          0.8610391616821289,
          3.4709601402282715
        ],
        [
          0.0,
          0.0,
          0.0,
          1.0
        ]
      ]
    },
    {
      "file_path": "./train/r_36",
      "rotation": 0.012566370614359171,
      "transform_matrix": [
        [
          0.7656703591346741,
          -0.4731243848800659,
          0.4357779026031494,
          1.7566769123077393
        ],
        [
          0.6432332992553711,
          0.5631817579269409,
          -0.5187265872955322,
          -2.0910537242889404
        ],
        [
          2.9802322387695312e-08,
          0.6774802803993225,
          0.7355409264564514,
          2.965060234069824
        ],
        [
          0.0,
          0.0,
          0.0,
          1.0
        ]
      ]
    },
    {
      "file_path": "./train/r_41",
      "rotation": 0.012566370614359171,
      "transform_matrix": [
        [
          -0.994414210319519,
          0.020834490656852722,
          -0.10347139835357666,
          -0.41710659861564636
        ],
        [
          -0.10554812848567963,
          -0.19629064202308655,
          0.9748483896255493,
          3.9297399520874023
        ],
        [
          3.7252898543727042e-09,
          0.980324387550354,
          0.19739322364330292,
          0.7957176566123962
        ],
        [
          0.0,
          0.0,
          0.0,
          1.0
        ]
      ]
    },
    {
      "file_path": "./train/r_57",
      "rotation": 0.012566370614359171,
      "transform_matrix": [
        [
          -0.9822137355804443,
          -0.1677587628364563,
          0.08433839678764343,
          0.339978963136673
        ],
        [
          0.1877657026052475,
          -0.8775561451911926,
          0.44117921590805054,
          1.7784502506256104
        ],
        [
          0.0,
          0.4491681456565857,
          0.89344722032547,
          3.6016008853912354
        ],
        [
          0.0,
          0.0,
          0.0,
          1.0
        ]
      ]
    },
    {
      "file_path": "./train/r_59",
      "rotation": 0.012566370614359171,
      "transform_matrix": [
        [
          -0.281668484210968,
          -0.5504832863807678,
          0.7858948111534119,
          3.168043851852417
        ],
        [
          0.9595119953155518,
          -0.16159653663635254,
          0.2307024747133255,
          0.929991602897644
        ],
        [
          2.980232949312267e-08,
          0.8190569877624512,
          0.5737118721008301,
          2.31270694732666
        ],
        [
          0.0,
          0.0,
          0.0,
          1.0
        ]
      ]
    },
    {
      "file_path": "./train/r_69",
      "rotation": 0.012566370614359171,
      "transform_matrix": [
        [
          0.23253430426120758,
          0.1524328589439392,
          -0.9605684280395508,
          -3.872175693511963
        ],
        [
          -0.9725881814956665,
          0.03644489124417305,
          -0.2296605259180069,
          -0.925791323184967
        ],
        [
          0.0,
          0.9876416325569153,
          0.1567290723323822,
          0.6317951679229736
        ],
        [
          0.0,
          0.0,
          0.0,
          1.0
        ]
      ]
    },
    {
      "file_path": "./train/r_75",
      "rotation": 0.012566370614359171,
      "transform_matrix": [
        [
          -0.9798774719238281,
          0.03400515764951706,
          -0.19668209552764893,
          -0.7928509712219238
        ],
        [
          -0.19960011541843414,
          -0.16693821549415588,
          0.9655523300170898,
          3.892266273498535
        ],
        [
          3.725290298461914e-09,
          0.9853807687759399,
          0.17036640644073486,
          0.6867690086364746
        ],
        [
          0.0,
          0.0,
          0.0,
          1.0
        ]
      ]
    },
    {
      "file_path": "./train/r_95",
      "rotation": 0.012566370614359171,
      "transform_matrix": [
        [
          0.4534713625907898,
          -0.11268522590398788,
          0.8841186165809631,
          3.5639960765838623
        ],
        [
          0.8912707567214966,
          0.0573333315551281,
          -0.44983240962028503,
          -1.813332438468933
        ],
        [
          0.0,
          0.9919750690460205,
          0.12643210589885712,
          0.5096641182899475
        ],
        [
          0.0,
          0.0,
          0.0,
          1.0
        ]
      ]
    }
  ]
}
