{
  "camera_angle_x": 0.6911112070083618,
  "frames": [
    {
      "file_path": "./train/r_0",
      "rotation": 0.012566370614359171,
      "transform_matrix": [
        [
          -0.04659058526158333,
          0.17529651522636414,
          -0.9834126234054565,
          -3.9642629623413086
        ],
        [
          -0.9989140629768372,
          -0.008176046423614025,
          0.04586757719516754,
          0.18489810824394226
        ],
        [
          -9.313225746154785e-10,
          0.984481692314148,
          0.17548708617687225,
          0.7074110507965088
        ],
        [
          0.0,
          0.0,
          0.0,
          1.0
        ]
      ]
    },
    {
      "file_path": "./train/r_8",
      "rotation": 0.012566370614359171,
      "transform_matrix": [
        [
          -0.7612887024879456,
          -0.44055718183517456,
          0.4757613241672516,
          1.9178552627563477
        ],
        [
          0.6484130620956421,
          -0.5172492861747742,
          0.5585817694664001,
          2.2517151832580566
        ],
        [
          0.0,
          0.7337318658828735,
          0.679439127445221,
          2.7389066219329834
        ],
        [
          0.0,
          0.0,
          0.0,
          1.0
        ]
      ]
    },
    {
      "file_path": "./train/r_13",
      "rotation": 0.012566370614359171,
      "transform_matrix": [
        [
          -0.4094095230102539,
          -0.9009892344474792,
          0.1435338407754898,
          0.5786033868789673
        ],
        [
          0.9123506546020508,
          -0.4043112099170685,
          0.06440958380699158,
          0.2596433460712433
        ],
        [
          -3.725290076417309e-09,
          0.15732330083847046,
          0.9875472187995911,
          3.9809298515319824
        ],
        [
          0.0,
          0.0,
          0.0,
          1.0
        ]
      ]
    },
    {
      "file_path": "./train/r_16",
      "rotation": 0.012566370614359171,
      "transform_matrix": [
        [
          0.2907449007034302,
          -0.4693387746810913,
          0.8337796926498413,
          3.3610734939575195
        ],
        [
          0.956800639629364,
          0.14261890947818756,
          -0.2533622980117798,
          -1.0213360786437988
        ],
        [
          0.0,
          0.8714247345924377,
          0.49052929878234863,
          1.9773868322372437
        ],
        [
          0.0,
          0.0,
          0.0,
          1.0
        ]
      ]
    },
    {
      "file_path": "./train/r_21",
      "rotation": 0.012566370614359171,
      "transform_matrix": [
        [
          -0.6904386878013611,
          0.5145220756530762,
          -0.5084894299507141,
          -2.049786329269409
        ],
        [
          -0.7233909964561462,
          -0.4910842776298523,
          0.4853264093399048,
          1.9564131498336792
        ],
        [
          -1.4901162970204496e-08,
          0.7029246091842651,
          0.7112642526626587,
          2.8671975135803223
        ],
        [
          0.0,
          0.0,
          0.0,
          1.0
        ]
      ]
    },
    {
      "file_path": "./train/r_31",
      "rotation": 0.012566370614359171,
      "transform_matrix": [
        [
          0.3574438989162445,
          0.2746621370315552,
          -0.8926335573196411,
          -3.598320484161377
        ],
        [
          -0.9339346289634705,
          0.1051211953163147,
          -0.3416368067264557,
          -1.377181887626648
        ],
        [
          7.450580152834618e-09,
          0.9557772874832153,
          0.29409143328666687,
          1.1855202913284302
        ],
        [
          0.0,
          0.0,
          0.0,
          1.0
        ]
      ]
    },
    {
      "file_path": "./train/r_32",
      "rotation": 0.012566370614359171,
      "transform_matrix": [
        [
          0.9813115000724792,
          0.13668526709079742,
          -0.13544297218322754,
          -0.545988142490387
        ],
        [
          -0.19242572784423828,
          0.6970524787902832,
          -0.6907171607017517,
          -2.784370183944702
        ],
        [
          0.0,
          0.7038713693618774,
          0.7103273272514343,
          2.8634212017059326
        ],
        [
          0.0,
          0.0,
          0.0,
          1.0
        ]
      ]
    },
    {
      "file_path": "./train/r_35",
      "rotation": 0.012566370614359171,
      "transform_matrix": [
        [
          0.7347207069396973,
          0.3502720892429352,
          -0.5809431672096252,
          -2.3418567180633545
        ],
        [
          -0.6783697605133057,
          0.3793686032295227,
          -0.6292010545730591,
          -2.536390542984009
        ],
        [
          2.9802322387695312e-08,
          0.8563811779022217,
          0.5163440108299255,
          2.081449270248413
        ],
        [
          0.0,
          0.0,
          0.0,
          1.0
        ]
      ]
    },
    {
      "file_path": "./train/r_49",
      "rotation": 0.012566370614359171,
      "transform_matrix": [
        [
          -0.6374712586402893,
          -0.6852561831474304,
          0.352213591337204,
          1.41981840133667
        ],
        [
          0.7704740762710571,
          -0.5669640302658081,
          0.2914128303527832,
          1.174722671508789
        ],
        [
          0.0,
          0.45713862776756287,
          0.8893954157829285,
          3.5852675437927246
        ],
        [
          0.0,
          0.0,
          0.0,
          1.0
        ]
      ]
    },
    {
      "file_path": "./train/r_53",
      "rotation": 0.012566370614359171,
      "transform_matrix": [
        [
          -0.4764655828475952,
          -0.5839611291885376,
          0.6572441458702087,
          2.6494359970092773
        ],
        [
          0.8791931867599487,
          -0.3164690136909485,
          0.35618361830711365,
          1.4358221292495728
        ],
        [
          2.980232594040899e-08,
          0.7475537657737732,
          0.6642012000083923,
          2.677480697631836
        ],
        [
          0.0,
          0.0,
          0.0,
          1.0
        ]
      ]
    },
    {
      "file_path": "./train/r_57",
      "rotation": 0.012566370614359171,
      "transform_matrix": [
        [
          -0.05328943952918053,
          -0.16863788664340973,
          0.984236478805542,
          3.9675841331481934
        ],
        [
          0.9985790848731995,
          -0.008999406360089779,
          0.05252404510974884,
          0.2117311954498291
        ],
        [
          0.0,
          0.9856370091438293,
          0.16887784004211426,
          0.6807683706283569
        ],
        [
          0.0,
          0.0,
          0.0,
          1.0
        ]
      ]
    },
    {
      "file_path": "./train/r_80",
      "rotation": 0.012566370614359171,
      "transform_matrix": [
        [
          0.9985679984092712,
          0.042781829833984375,
          -0.032119520008563995,
          -0.12947794795036316
        ],
        [
          -0.053497184067964554,
          0.7985572814941406,
          -0.5995367169380188,
          -2.4168100357055664
        ],
        [
          -1.862645149230957e-09,
          0.6003965139389038,
          0.7997023463249207,
          3.223703622817993
        ],
        [
          0.0,
          0.0,
          0.0,
          1.0
        ]
      ]
    }
  ]
}
