{
  "w": 800,
  "h": 800,
  "fl_x": 1111.111083984375,
  "fl_y": 1111.111083984375,
  "cx": 400,
  "cy": 400,
  "camera_angle_x": 0.6911111767247959,
  "frames": [
    {
      "file_path": "rgb/14",
      "transform_matrix": [
        [
          -0.9999742130269909,
          0.002906332544538201,
          -0.006567077903482583,
          -0.01970123371044775
        ],
        [
          -9.485068524873844e-19,
          0.9144496275528382,
          0.4046997389033943,
          1.2140992167101827
        ],
        [
          0.007181453964891171,
          0.40468930292215033,
          -0.9144260466649743,
          -2.743278139994923
        ],
        [
          0.0,
          0.0,
          0.0,
          1.0
        ]
      ]
    },
    {
      "file_path": "rgb/69",
      "transform_matrix": [
        [
          -0.9990363448487963,
          -0.030368145300111532,
          0.03168844303824105,
          0.09506532911472317
        ],
        [
          4.805410786271168e-18,
          0.7219875898779893,
          0.691906005221932,
          2.0757180156657964
        ],
        [
          -0.04389056471676497,
          0.6912392464358513,
          -0.7212918428178983,
          -2.163875528453695
        ],
        [
          0.0,
          0.0,
          0.0,
          1.0
        ]
      ]
    },
    {
      "file_path": "rgb/86",
      "transform_matrix": [
        [
          0.9999966844902052,
          0.0020103061896681513,
          -0.0016092475324420122,
          -0.004827742597326036
        ],
        [
          2.7775881743274133e-19,
          0.6249324214090545,
          0.7806788511749346,
          2.3420365535248044
        ],
        [
          0.0025750744837555253,
          -0.7806762628265569,
          0.6249303494394904,
          1.874791048318471
        ],
        [
          0.0,
          0.0,
          0.0,
          1.0
        ]
      ]
    }
  ]
}
