{
  "camera_angle_x": 0.6911112070083618,
  "frames": [
    {
      "file_path": "./train/r_16",
      "rotation": 0.012566370614359171,
      "transform_matrix": [
        [
          0.027753591537475586,
          -0.1668950766324997,
          0.9855839610099792,
          3.9730160236358643
        ],
        [
          0.9996147751808167,
          0.004633722826838493,
          -0.027364036068320274,
          -0.1103079542517662
        ],
        [
          0.0,
          0.9859637022018433,
          0.16695940494537354,
          0.6730349063873291
        ],
        [
          0.0,
          0.0,
          0.0,
          1.0
        ]
      ]
    },
    {
      "file_path": "./train/r_41",
      "rotation": 0.012566370614359171,
      "transform_matrix": [
        [
          0.8673840165138245,
          -0.468833863735199,
          0.16685236990451813,
          0.6726034283638
        ],
        [
          0.49763932824134827,
          0.8171761631965637,
          -0.2908232510089874,
          -1.1723459959030151
        ],
        [
          0.0,
          0.33528774976730347,
          0.9421157240867615,
          3.797790050506592
        ],
        [
          0.0,
          0.0,
          0.0,
          1.0
        ]
      ]
    },
    {
      "file_path": "./train/r_81",
      "rotation": 0.012566370614359171,
      "transform_matrix": [
        [
          0.6689461469650269,
          0.11091631650924683,
          -0.734988808631897,
          -2.962834596633911
        ],
        [
          -0.743310809135437,
          0.09981966763734818,
          -0.6614567041397095,
          -2.666417360305786
        ],
        [
          0.0,
          0.988804042339325,
          0.14921928942203522,
          0.6015222072601318
        ],
        [
          0.0,
          0.0,
          0.0,
          1.0
        ]
      ]
    }
  ]
}
