{
  "camera_angle_x": 0.6911112070083618,
  "frames": [
    {
      "file_path": "./train/r_2",
      "rotation": 0.012566370614359171,
      "transform_matrix": [
        [
          0.9627754092216492,
          0.21672433614730835,
          -0.16153617203235626,
          -0.6511731147766113
        ],
        [
          -0.27030235528945923,
          0.7719387412071228,
          -0.5753669738769531,
          -2.31937837600708
        ],
        [
          7.450580152834618e-09,
          0.597612738609314,
          0.8017848134040833,
          3.232097864151001
        ],
        [
          0.0,
          0.0,
          0.0,
          1.0
        ]
      ]
    },
    {
      "file_path": "./train/r_7",
      "rotation": 0.012566370614359171,
      "transform_matrix": [
        [
          0.4455846846103668,
          -0.8379105925559998,
          0.31521421670913696,
          1.2706692218780518
        ],
        [
          0.8952397108078003,
          0.41705045104026794,
          -0.15689051151275635,
          -0.6324459314346313
        ],
        [
          0.0,
          0.3521002531051636,
          0.9359622001647949,
          3.772984504699707
        ],
        [
          0.0,
          0.0,
          0.0,
          1.0
        ]
      ]
    },
    {
      "file_path": "./train/r_10",
      "rotation": 0.012566370614359171,
      "transform_matrix": [
        [
          -0.5773599743843079,
          0.45909157395362854,
          -0.6751965880393982,
          -2.721804618835449
        ],
        [
          -0.8164898157119751,
          -0.3246349096298218,
          0.47744807600975037,
          1.9246547222137451
        ],
        [
          0.0,
          0.8269504308700562,
          0.5622747540473938,
          2.266602039337158
        ],
        [
          0.0,
          0.0,
          0.0,
          1.0
        ]
      ]
    },
    {
      "file_path": "./train/r_14",
      "rotation": 0.012566370614359171,
      "transform_matrix": [
        [
          0.6632052659988403,
          0.5419076085090637,
          -0.5162315368652344,
          -2.080995798110962
        ],
        [
          -0.7484376430511475,
          0.48019498586654663,
          -0.4574429392814636,
          -1.8440114259719849
        ],
        [
          -1.4901161193847656e-08,
          0.6897456645965576,
          0.7240517735481262,
          2.918745994567871
        ],
        [
          0.0,
          0.0,
          0.0,
          1.0
        ]
      ]
    },
    {
      "file_path": "./train/r_16",
      "rotation": 0.012566370614359171,
      "transform_matrix": [
        [
          0.027753591537475586,
          -0.1668950766324997,
          0.9855839610099792,
          3.9730160236358643
        ],
        [
          0.9996147751808167,
          0.004633722826838493,
          -0.027364036068320274,
          -0.1103079542517662
        ],
        [
          0.0,
          0.9859637022018433,
          0.16695940494537354,
          0.6730349063873291
        ],
        [
          0.0,
          0.0,
          0.0,
          1.0
        ]
      ]
    },
    {
      "file_path": "./train/r_19",
      "rotation": 0.012566370614359171,
      "transform_matrix": [
        [
          -0.8191185593605042,
          -0.2685099244117737,
          0.5068995356559753,
          2.043377637863159
        ],
        [
          0.5736241936683655,
          -0.3834242820739746,
          0.723837673664093,
          2.9178831577301025
        ],
        [
          0.0,
          0.8836787939071655,
          0.4680936634540558,
          1.8869460821151733
        ],
        [
          0.0,
          0.0,
          0.0,
          1.0
        ]
      ]
    },
    {
      "file_path": "./train/r_22",
      "rotation": 0.012566370614359171,
      "transform_matrix": [
        [
          -0.9124069213867188,
          0.2567848563194275,
          -0.31870847940444946,
          -1.284754991531372
        ],
        [
          -0.40928420424461365,
          -0.5724440217018127,
          0.7104887366294861,
          2.8640716075897217
        ],
        [
          -1.4901161193847656e-08,
          0.7786971926689148,
          0.6273998618125916,
          2.52912974357605
        ],
        [
          0.0,
          0.0,
          0.0,
          1.0
        ]
      ]
    },
    {
      "file_path": "./train/r_24",
      "rotation": 0.012566370614359171,
      "transform_matrix": [
        [
          0.1831890046596527,
          -0.44644418358802795,
          0.8758592009544373,
          3.5307013988494873
        ],
        [
          0.9830777645111084,
          0.08319144695997238,
          -0.16320964694023132,
          -0.6579191088676453
        ],
        [
          0.0,
          0.8909358382225037,
          0.45412909984588623,
          1.8306529521942139
        ],
        [
          0.0,
          0.0,
          0.0,
          1.0
        ]
      ]
    },
    {
      "file_path": "./train/r_26",
      "rotation": 0.012566370614359171,
      "transform_matrix": [
        [
          -0.999925971031189,
          0.011209065094590187,
          -0.004754709545522928,
          -0.019166847690939903
        ],
        [
          -0.012175814248621464,
          -0.920532763004303,
          0.3904755115509033,
          1.5740571022033691
        ],
        [
          -4.656613428188905e-10,
          0.3905043601989746,
          0.9206010103225708,
          3.711061477661133
        ],
        [
          0.0,
          0.0,
          0.0,
          1.0
        ]
      ]
    },
    {
      "file_path": "./train/r_27",
      "rotation": 0.012566370614359171,
      "transform_matrix": [
        [
          0.9870885610580444,
          0.06175914779305458,
          -0.14779049158096313,
          -0.5957625508308411
        ],
        [
          -0.1601756066083908,
          0.3805932402610779,
          -0.9107648134231567,
          -3.671410322189331
        ],
        [
          3.725290742551124e-09,
          0.9226778149604797,
          0.38557156920433044,
          1.5542887449264526
        ],
        [
          0.0,
          0.0,
          0.0,
          1.0
        ]
      ]
    },
    {
      "file_path": "./train/r_28",
      "rotation": 0.012566370614359171,
      "transform_matrix": [
        [
          -0.8045517802238464,
          -0.592066764831543,
          0.046404410153627396,
          0.18706214427947998
        ],
        [
          0.5938826203346252,
          -0.8020917773246765,
          0.06286554038524628,
          0.25341907143592834
        ],
        [
          -3.725290298461914e-09,
          0.0781378298997879,
          0.9969426989555359,
          4.01880407333374
        ],
        [
          0.0,
          0.0,
          0.0,
          1.0
        ]
      ]
    },
    {
      "file_path": "./train/r_30",
      "rotation": 0.012566370614359171,
      "transform_matrix": [
        [
          0.40843573212623596,
          -0.8847178816795349,
          0.22462114691734314,
          0.9054768085479736
        ],
        [
          0.912787139415741,
          0.39587587118148804,
          -0.10050898790359497,
          -0.4051646888256073
        ],
        [
          7.450580596923828e-09,
          0.24608272314071655,
          0.9692488312721252,
          3.9071669578552246
        ],
        [
          0.0,
          0.0,
          0.0,
          1.0
        ]
      ]
    },
    {
      "file_path": "./train/r_33",
      "rotation": 0.012566370614359171,
      "transform_matrix": [
        [
          -0.8884555101394653,
          -0.4511326253414154,
          0.08441691100597382,
          0.3402954638004303
        ],
        [
          0.4589628279209137,
          -0.873297929763794,
          0.1634133905172348,
          0.6587404608726501
        ],
        [
          0.0,
          0.18392983078956604,
          0.9829393625259399,
          3.962355375289917
        ],
        [
          0.0,
          0.0,
          0.0,
          1.0
        ]
      ]
    },
    {
      "file_path": "./train/r_34",
      "rotation": 0.012566370614359171,
      "transform_matrix": [
        [
          -0.9651659727096558,
          0.06538739055395126,
          -0.2533361613750458,
          -1.021230697631836
        ],
        [
          -0.2616385519504547,
          -0.24120943248271942,
          0.9345390796661377,
          3.767247438430786
        ],
        [
          3.725290298461914e-09,
          0.9682677388191223,
          0.24991503357887268,
          1.0074397325515747
        ],
        [
          0.0,
          0.0,
          0.0,
          1.0
        ]
      ]
    },
    {
      "file_path": "./train/r_35",
      "rotation": 0.012566370614359171,
      "transform_matrix": [
        [
          0.9745389223098755,
          -0.07048273086547852,
          0.2128523290157318,
          0.8580352663993835
        ],
        [
          0.22421851754188538,
          0.30634474754333496,
          -0.9251371622085571,
          -3.7293474674224854
        ],
        [
          0.0,
          0.9493075609207153,
          0.314348429441452,
          1.2671791315078735
        ],
        [
          0.0,
          0.0,
          0.0,
          1.0
        ]
      ]
    },
    {
      "file_path": "./train/r_36",
      "rotation": 0.012566370614359171,
      "transform_matrix": [
        [
          -0.9111769795417786,
          -0.16279630362987518,
          0.3784891664981842,
          1.5257385969161987
        ],
        [
          0.412015438079834,
          -0.36002591252326965,
          0.837033212184906,
          3.3741888999938965
        ],
        [
          -1.4901162970204496e-08,
          0.9186286926269531,
          0.39512187242507935,
          1.592787265777588
        ],
        [
          0.0,
          0.0,
          0.0,
          1.0
        ]
      ]
    },
    {
      "file_path": "./train/r_39",
      "rotation": 0.012566370614359171,
      "transform_matrix": [
        [
          0.7421568036079407,
          0.21827276051044464,
          -0.6336879134178162,
          -2.5544774532318115
        ],
        [
          -0.6702263355255127,
          0.24169836938381195,
          -0.7016969919204712,
          -2.8286306858062744
        ],
        [
          -1.4901161193847656e-08,
          0.945483386516571,
          0.3256702423095703,
          1.3128185272216797
        ],
        [
          0.0,
          0.0,
          0.0,
          1.0
        ]
      ]
    },
    {
      "file_path": "./train/r_56",
      "rotation": 0.012566370614359171,
      "transform_matrix": [
        [
          0.6759243607521057,
          -0.4822070896625519,
          0.557317316532135,
          2.2466180324554443
        ],
        [
          0.7369710206985474,
          0.4422636926174164,
          -0.5111522078514099,
          -2.0605204105377197
        ],
        [
          1.4901162970204496e-08,
          0.7562268376350403,
          0.6543094515800476,
          2.637605667114258
        ],
        [
          0.0,
          0.0,
          0.0,
          1.0
        ]
      ]
    },
    {
      "file_path": "./train/r_63",
      "rotation": 0.012566370614359171,
      "transform_matrix": [
        [
          -0.69163578748703,
          -0.620691180229187,
          0.3692997395992279,
          1.4886949062347412
        ],
        [
          0.7222464084625244,
          -0.5943847298622131,
          0.3536478877067566,
          1.425600290298462
        ],
        [
          0.0,
          0.5113208293914795,
          0.8593897819519043,
          3.464311122894287
        ],
        [
          0.0,
          0.0,
          0.0,
          1.0
        ]
      ]
    },
    {
      "file_path": "./train/r_64",
      "rotation": 0.012566370614359171,
      "transform_matrix": [
        [
          -0.7683900594711304,
          -0.2850162088871002,
          0.5730116963386536,
          2.3098840713500977
        ],
        [
          0.6399816870689392,
          -0.34220296144485474,
          0.6879829168319702,
          2.773347854614258
        ],
        [
          1.4901160305669237e-08,
          0.8953563570976257,
          0.4453505277633667,
          1.7952654361724854
        ],
        [
          0.0,
          0.0,
          0.0,
          1.0
        ]
      ]
    },
    {
      "file_path": "./train/r_66",
      "rotation": 0.012566370614359171,
      "transform_matrix": [
        [
          -0.6983785629272461,
          -0.16874319314956665,
          0.6955524682998657,
          2.803861379623413
        ],
        [
          0.7157286405563354,
          -0.16465267539024353,
          0.6786915063858032,
          2.7358925342559814
        ],
        [
          0.0,
          0.9718102812767029,
          0.23576423525810242,
          0.950395941734314
        ],
        [
          0.0,
          0.0,
          0.0,
          1.0
        ]
      ]
    },
    {
      "file_path": "./train/r_74",
      "rotation": 0.012566370614359171,
      "transform_matrix": [
        [
          0.45062255859375,
          -0.7635433673858643,
          0.4625371992588043,
          1.8645471334457397
        ],
        [
          0.8927146792411804,
          0.3854197561740875,
          -0.23347851634025574,
          -0.941182017326355
        ],
        [
          0.0,
          0.5181243419647217,
          0.8553052544593811,
          3.447845697402954
        ],
        [
          0.0,
          0.0,
          0.0,
          1.0
        ]
      ]
    },
    {
      "file_path": "./train/r_81",
      "rotation": 0.012566370614359171,
      "transform_matrix": [
        [
          0.6689461469650269,
          0.11091631650924683,
          -0.734988808631897,
          -2.962834596633911
        ],
        [
          -0.743310809135437,
          0.09981966763734818,
          -0.6614567041397095,
          -2.666417360305786
        ],
        [
          0.0,
          0.988804042339325,
          0.14921928942203522,
          0.6015222072601318
        ],
        [
          0.0,
          0.0,
          0.0,
          1.0
        ]
      ]
    },
    {
      "file_path": "./train/r_91",
      "rotation": 0.012566370614359171,
      "transform_matrix": [
        [
          -0.09122125059366226,
          0.3572811186313629,
          -0.9295315146446228,
          -3.7470614910125732
        ],
        [
          -0.9958305954933167,
          -0.03272808715701103,
          0.08514804393053055,
          0.34324273467063904
        ],
        [
          0.0,
          0.9334233403205872,
          0.3587769567966461,
          1.4462761878967285
        ],
        [
          0.0,
          0.0,
          0.0,
          1.0
        ]
      ]
    }
  ]
}
