{
  "camera_angle_x": 0.6911112070083618,
  "frames": [
    {
      "file_path": "./train/r_16",
      "rotation": 0.012566370614359171,
      "transform_matrix": [
        [
          0.027753591537475586,
          -0.1668950766324997,
          0.9855839610099792,
          3.9730160236358643
        ],
        [
          0.9996147751808167,
          0.004633722826838493,
          -0.027364036068320274,
          -0.1103079542517662
        ],
        [
          0.0,
          0.9859637022018433,
          0.16695940494537354,
          0.6730349063873291
        ],
        [
          0.0,
          0.0,
          0.0,
          1.0
        ]
      ]
    },
    {
      "file_path": "./train/r_49",
      "rotation": 0.012566370614359171,
      "transform_matrix": [
        [
          -0.7926223874092102,
          0.37048059701919556,
          -0.4842456877231598,
          -1.9520565271377563
        ],
        [
          -0.6097127795219421,
          -0.48162218928337097,
          0.6295160055160522,
          2.5376598834991455
        ],
        [
          0.0,
          0.7942192554473877,
          0.6076313257217407,
          2.4494400024414062
        ],
        [
          0.0,
          0.0,
          0.0,
          1.0
        ]
      ]
    },
    {
      "file_path": "./train/r_53",
      "rotation": 0.012566370614359171,
      "transform_matrix": [
        [
          0.8296871781349182,
          -0.28046610951423645,
          0.48265716433525085,
          1.9456533193588257
        ],
        [
          0.558228611946106,
          0.416852742433548,
          -0.7173664569854736,
          -2.891796588897705
        ],
        [
          1.4901161193847656e-08,
          0.8646227717399597,
          0.5024215579032898,
          2.0253260135650635
        ],
        [
          0.0,
          0.0,
          0.0,
          1.0
        ]
      ]
    },
    {
      "file_path": "./train/r_55",
      "rotation": 0.012566370614359171,
      "transform_matrix": [
        [
          0.9999492168426514,
          -0.008713713847100735,
          0.0050829676911234856,
          0.020490098744630814
        ],
        [
          0.010087884031236172,
          0.8637362718582153,
          -0.5038430094718933,
          -2.0310561656951904
        ],
        [
          4.656613428188905e-10,
          0.5038687586784363,
          0.8637803196907043,
          3.4820098876953125
        ],
        [
          0.0,
          0.0,
          0.0,
          1.0
        ]
      ]
    },
    {
      "file_path": "./train/r_77",
      "rotation": 0.012566370614359171,
      "transform_matrix": [
        [
          -0.9637454152107239,
          -0.14719808101654053,
          0.22254787385463715,
          0.8971191644668579
        ],
        [
          0.2668236196041107,
          -0.5316675901412964,
          0.8038249611854553,
          3.2403221130371094
        ],
        [
          7.450581485102248e-09,
          0.8340635299682617,
          0.5516682267189026,
          2.2238457202911377
        ],
        [
          0.0,
          0.0,
          0.0,
          1.0
        ]
      ]
    },
    {
      "file_path": "./train/r_81",
      "rotation": 0.012566370614359171,
      "transform_matrix": [
        [
          0.6689461469650269,
          0.11091631650924683,
          -0.734988808631897,
          -2.962834596633911
        ],
        [
          -0.743310809135437,
          0.09981966763734818,
          -0.6614567041397095,
          -2.666417360305786
        ],
        [
          0.0,
          0.988804042339325,
          0.14921928942203522,
          0.6015222072601318
        ],
        [
          0.0,
          0.0,
          0.0,
          1.0
        ]
      ]
    }
  ]
}
