{
  "camera_angle_x": 0.6911112070083618,
  "frames": [
    {
      "file_path": "./train/r_0",
      "rotation": 0.012566370614359171,
      "transform_matrix": [
        [
          -0.04659058526158333,
          0.17529651522636414,
          -0.9834126234054565,
          -3.9642629623413086
        ],
        [
          -0.9989140629768372,
          -0.008176046423614025,
          0.04586757719516754,
          0.18489810824394226
        ],
        [
          -9.313225746154785e-10,
          0.984481692314148,
          0.17548708617687225,
          0.7074110507965088
        ],
        [
          0.0,
          0.0,
          0.0,
          1.0
        ]
      ]
    },
    {
      "file_path": "./train/r_1",
      "rotation": 0.012566370614359171,
      "transform_matrix": [
        [
          -0.3837582468986511,
          -0.6134429574012756,
          0.6902299523353577,
          2.7824058532714844
        ],
        [
          0.9234336018562317,
          -0.25493308901786804,
          0.28684404492378235,
          1.1563053131103516
        ],
        [
          -1.4901161193847656e-08,
          0.7474602460861206,
          0.6643065214157104,
          2.677905321121216
        ],
        [
          0.0,
          0.0,
          0.0,
          1.0
        ]
      ]
    },
    {
      "file_path": "./train/r_3",
      "rotation": 0.012566370614359171,
      "transform_matrix": [
        [
          0.7381561994552612,
          -0.544955849647522,
          0.3976789712905884,
          1.603095293045044
        ],
        [
          0.6746298670768738,
          0.5962714552879333,
          -0.43512630462646484,
          -1.754050374031067
        ],
        [
          0.0,
          0.5894773602485657,
          0.8077847957611084,
          3.2562849521636963
        ],
        [
          0.0,
          0.0,
          0.0,
          1.0
        ]
      ]
    },
    {
      "file_path": "./train/r_9",
      "rotation": 0.012566370614359171,
      "transform_matrix": [
        [
          -0.10690297186374664,
          -0.5607009530067444,
          0.8210883736610413,
          3.309913158416748
        ],
        [
          0.9942693710327148,
          -0.06028607115149498,
          0.08828269690275192,
          0.35587894916534424
        ],
        [
          0.0,
          0.825820803642273,
          0.5639325976371765,
          2.273284912109375
        ],
        [
          0.0,
          0.0,
          0.0,
          1.0
        ]
      ]
    },
    {
      "file_path": "./train/r_16",
      "rotation": 0.012566370614359171,
      "transform_matrix": [
        [
          0.2907449007034302,
          -0.4693387746810913,
          0.8337796926498413,
          3.3610734939575195
        ],
        [
          0.956800639629364,
          0.14261890947818756,
          -0.2533622980117798,
          -1.0213360786437988
        ],
        [
          0.0,
          0.8714247345924377,
          0.49052929878234863,
          1.9773868322372437
        ],
        [
          0.0,
          0.0,
          0.0,
          1.0
        ]
      ]
    },
    {
      "file_path": "./train/r_17",
      "rotation": 0.012566370614359171,
      "transform_matrix": [
        [
          0.8987835049629211,
          -0.4123098850250244,
          0.1489587426185608,
          0.6004718542098999
        ],
        [
          0.43839263916015625,
          0.8453091979026794,
          -0.3053921163082123,
          -1.2310748100280762
        ],
        [
          -1.4901158529312397e-08,
          0.3397837281227112,
          0.9405036568641663,
          3.7912909984588623
        ],
        [
          0.0,
          0.0,
          0.0,
          1.0
        ]
      ]
    },
    {
      "file_path": "./train/r_19",
      "rotation": 0.012566370614359171,
      "transform_matrix": [
        [
          0.7499865889549255,
          0.6417388319969177,
          -0.16028554737567902,
          -0.6461316347122192
        ],
        [
          -0.661453127861023,
          0.727633535861969,
          -0.18173925578594208,
          -0.732614278793335
        ],
        [
          0.0,
          0.24232351779937744,
          0.9701955914497375,
          3.910983085632324
        ],
        [
          0.0,
          0.0,
          0.0,
          1.0
        ]
      ]
    },
    {
      "file_path": "./train/r_27",
      "rotation": 0.012566370614359171,
      "transform_matrix": [
        [
          -0.9665295481681824,
          -0.23782458901405334,
          0.09623043239116669,
          0.38791728019714355
        ],
        [
          0.2565557360649109,
          -0.895963191986084,
          0.3625315725803375,
          1.461411476135254
        ],
        [
          0.0,
          0.37508589029312134,
          0.9269900321960449,
          3.73681640625
        ],
        [
          0.0,
          0.0,
          0.0,
          1.0
        ]
      ]
    },
    {
      "file_path": "./train/r_30",
      "rotation": 0.012566370614359171,
      "transform_matrix": [
        [
          -0.18424324691295624,
          0.521382749080658,
          -0.8331952095031738,
          -3.358717679977417
        ],
        [
          -0.982880711555481,
          -0.09773439913988113,
          0.1561843603849411,
          0.6295993328094482
        ],
        [
          7.450580596923828e-09,
          0.8477075099945068,
          0.5304638147354126,
          2.1383683681488037
        ],
        [
          0.0,
          0.0,
          0.0,
          1.0
        ]
      ]
    },
    {
      "file_path": "./train/r_31",
      "rotation": 0.012566370614359171,
      "transform_matrix": [
        [
          0.3574438989162445,
          0.2746621370315552,
          -0.8926335573196411,
          -3.598320484161377
        ],
        [
          -0.9339346289634705,
          0.1051211953163147,
          -0.3416368067264557,
          -1.377181887626648
        ],
        [
          7.450580152834618e-09,
          0.9557772874832153,
          0.29409143328666687,
          1.1855202913284302
        ],
        [
          0.0,
          0.0,
          0.0,
          1.0
        ]
      ]
    },
    {
      "file_path": "./train/r_34",
      "rotation": 0.012566370614359171,
      "transform_matrix": [
        [
          -0.2927033305168152,
          -0.955524742603302,
          0.03601707145571709,
          0.14518943428993225
        ],
        [
          0.956203281879425,
          -0.2924956679344177,
          0.011025184765458107,
          0.04444393515586853
        ],
        [
          0.0,
          0.037666358053684235,
          0.9992903470993042,
          4.028267860412598
        ],
        [
          0.0,
          0.0,
          0.0,
          1.0
        ]
      ]
    },
    {
      "file_path": "./train/r_37",
      "rotation": 0.012566370614359171,
      "transform_matrix": [
        [
          -0.6792168021202087,
          -0.6798612475395203,
          0.27650168538093567,
          1.1146137714385986
        ],
        [
          0.733937680721283,
          -0.6291722655296326,
          0.25588634610176086,
          1.0315107107162476
        ],
        [
          -1.4901158529312397e-08,
          0.3767373561859131,
          0.9263202548027039,
          3.7341158390045166
        ],
        [
          0.0,
          0.0,
          0.0,
          1.0
        ]
      ]
    },
    {
      "file_path": "./train/r_38",
      "rotation": 0.012566370614359171,
      "transform_matrix": [
        [
          0.8455115556716919,
          0.11127413064241409,
          -0.5222338438034058,
          -2.105192184448242
        ],
        [
          -0.5339571237564087,
          0.17620058357715607,
          -0.8269479870796204,
          -3.3335342407226562
        ],
        [
          -7.450580596923828e-09,
          0.9780446290969849,
          0.20839524269104004,
          0.8400681614875793
        ],
        [
          0.0,
          0.0,
          0.0,
          1.0
        ]
      ]
    },
    {
      "file_path": "./train/r_39",
      "rotation": 0.012566370614359171,
      "transform_matrix": [
        [
          -0.25335830450057983,
          -0.7999536991119385,
          0.5439518690109253,
          2.1927402019500732
        ],
        [
          0.967372477054596,
          -0.20951072871685028,
          0.14246293902397156,
          0.5742864608764648
        ],
        [
          0.0,
          0.5622982382774353,
          0.8269344568252563,
          3.333479404449463
        ],
        [
          0.0,
          0.0,
          0.0,
          1.0
        ]
      ]
    },
    {
      "file_path": "./train/r_40",
      "rotation": 0.012566370614359171,
      "transform_matrix": [
        [
          0.4164935350418091,
          -0.7038961052894592,
          0.5753811597824097,
          2.3194353580474854
        ],
        [
          0.9091386795043945,
          0.3224680423736572,
          -0.263592928647995,
          -1.0625770092010498
        ],
        [
          0.0,
          0.6328859925270081,
          0.7742451429367065,
          3.121081590652466
        ],
        [
          0.0,
          0.0,
          0.0,
          1.0
        ]
      ]
    },
    {
      "file_path": "./train/r_42",
      "rotation": 0.012566370614359171,
      "transform_matrix": [
        [
          -0.3181805908679962,
          -0.7026041150093079,
          0.6364814043045044,
          2.5657386779785156
        ],
        [
          0.9480302333831787,
          -0.23580998182296753,
          0.21361768245697021,
          0.8611204028129578
        ],
        [
          0.0,
          0.6713725924491882,
          0.7411199808120728,
          2.9875502586364746
        ],
        [
          0.0,
          0.0,
          0.0,
          1.0
        ]
      ]
    },
    {
      "file_path": "./train/r_50",
      "rotation": 0.012566370614359171,
      "transform_matrix": [
        [
          -0.7049294710159302,
          0.46275025606155396,
          -0.5375282168388367,
          -2.1668455600738525
        ],
        [
          -0.7092774510383606,
          -0.45991355180740356,
          0.5342330932617188,
          2.153562545776367
        ],
        [
          0.0,
          0.7578533291816711,
          0.6524249911308289,
          2.630009174346924
        ],
        [
          0.0,
          0.0,
          0.0,
          1.0
        ]
      ]
    },
    {
      "file_path": "./train/r_56",
      "rotation": 0.012566370614359171,
      "transform_matrix": [
        [
          -0.2682797908782959,
          0.9608103036880493,
          -0.06978120654821396,
          -0.2812970280647278
        ],
        [
          -0.9633409976959229,
          -0.26757505536079407,
          0.019433295354247093,
          0.07833811640739441
        ],
        [
          0.0,
          0.07243730127811432,
          0.9973730444908142,
          4.020539283752441
        ],
        [
          0.0,
          0.0,
          0.0,
          1.0
        ]
      ]
    },
    {
      "file_path": "./train/r_57",
      "rotation": 0.012566370614359171,
      "transform_matrix": [
        [
          -0.05328943952918053,
          -0.16863788664340973,
          0.984236478805542,
          3.9675841331481934
        ],
        [
          0.9985790848731995,
          -0.008999406360089779,
          0.05252404510974884,
          0.2117311954498291
        ],
        [
          0.0,
          0.9856370091438293,
          0.16887784004211426,
          0.6807683706283569
        ],
        [
          0.0,
          0.0,
          0.0,
          1.0
        ]
      ]
    },
    {
      "file_path": "./train/r_60",
      "rotation": 0.012566370614359171,
      "transform_matrix": [
        [
          -0.8328112363815308,
          0.4385885000228882,
          -0.337736040353775,
          -1.3614574670791626
        ],
        [
          -0.5535570979118347,
          -0.659844160079956,
          0.5081144571304321,
          2.0482749938964844
        ],
        [
          0.0,
          0.6101195216178894,
          0.7923092842102051,
          3.1939008235931396
        ],
        [
          0.0,
          0.0,
          0.0,
          1.0
        ]
      ]
    },
    {
      "file_path": "./train/r_67",
      "rotation": 0.012566370614359171,
      "transform_matrix": [
        [
          0.722546398639679,
          0.39333781599998474,
          -0.5685174465179443,
          -2.291767120361328
        ],
        [
          -0.6913224458694458,
          0.41110309958457947,
          -0.5941948294639587,
          -2.3952760696411133
        ],
        [
          -1.4901161193847656e-08,
          0.8223621249198914,
          0.5689643621444702,
          2.2935686111450195
        ],
        [
          0.0,
          0.0,
          0.0,
          1.0
        ]
      ]
    },
    {
      "file_path": "./train/r_71",
      "rotation": 0.012566370614359171,
      "transform_matrix": [
        [
          -0.2696174383163452,
          0.8461781740188599,
          -0.45966172218322754,
          -1.8529558181762695
        ],
        [
          -0.9629674553871155,
          -0.23691807687282562,
          0.12869887053966522,
          0.5188018083572388
        ],
        [
          7.450580152834618e-09,
          0.4773388206958771,
          0.8787192702293396,
          3.5422308444976807
        ],
        [
          0.0,
          0.0,
          0.0,
          1.0
        ]
      ]
    },
    {
      "file_path": "./train/r_92",
      "rotation": 0.012566370614359171,
      "transform_matrix": [
        [
          -0.4339900314807892,
          -0.19059352576732635,
          0.8805264234542847,
          3.54951548576355
        ],
        [
          0.900917649269104,
          -0.09181270748376846,
          0.4241671562194824,
          1.7098724842071533
        ],
        [
          0.0,
          0.977366030216217,
          0.2115548849105835,
          0.8528050184249878
        ],
        [
          0.0,
          0.0,
          0.0,
          1.0
        ]
      ]
    },
    {
      "file_path": "./train/r_99",
      "rotation": 0.012566370614359171,
      "transform_matrix": [
        [
          0.35161060094833374,
          0.1733122617006302,
          -0.919963538646698,
          -3.708491325378418
        ],
        [
          -0.9361463785171509,
          0.0650949776172638,
          -0.3455324172973633,
          -1.392885684967041
        ],
        [
          0.0,
          0.9827133417129517,
          0.18513372540473938,
          0.7462978959083557
        ],
        [
          0.0,
          0.0,
          0.0,
          1.0
        ]
      ]
    }
  ]
}
