{
  "camera_angle_x": 0.6911112070083618,
  "frames": [
    {
      "file_path": "./train/r_2",
      "rotation": 0.012566370614359171,
      "transform_matrix": [
        [
          0.3260957896709442,
          0.14048941433429718,
          -0.934839129447937,
          -3.7684571743011475
        ],
        [
          -0.9453368186950684,
          0.04846210405230522,
          -0.3224746286869049,
          -1.2999367713928223
        ],
        [
          0.0,
          0.9888953566551208,
          0.1486130952835083,
          0.5990785360336304
        ],
        [
          0.0,
          0.0,
          0.0,
          1.0
        ]
      ]
    },
    {
      "file_path": "./train/r_37",
      "rotation": 0.012566370614359171,
      "transform_matrix": [
        [
          -0.7272384762763977,
          -0.4046468436717987,
          0.5544232130050659,
          2.2349517345428467
        ],
        [
          0.686384916305542,
          -0.42873138189315796,
          0.5874224305152893,
          2.3679757118225098
        ],
        [
          0.0,
          0.8077439665794373,
          0.5895333886146545,
          2.3764853477478027
        ],
        [
          0.0,
          0.0,
          0.0,
          1.0
        ]
      ]
    },
    {
      "file_path": "./train/r_41",
      "rotation": 0.012566370614359171,
      "transform_matrix": [
        [
          0.9869681596755981,
          -0.13101491332054138,
          0.09342881292104721,
          0.37662360072135925
        ],
        [
          0.16091564297676086,
          0.803573489189148,
          -0.5730409622192383,
          -2.310002088546753
        ],
        [
          0.0,
          0.5806072950363159,
          0.8141836524009705,
          3.2820792198181152
        ],
        [
          0.0,
          0.0,
          0.0,
          1.0
        ]
      ]
    },
    {
      "file_path": "./train/r_42",
      "rotation": 0.012566370614359171,
      "transform_matrix": [
        [
          -0.7770290374755859,
          0.3282945454120636,
          -0.5370742082595825,
          -2.165015459060669
        ],
        [
          -0.629464864730835,
          -0.40525591373443604,
          0.6629793643951416,
          2.6725552082061768
        ],
        [
          1.4901162970204496e-08,
          0.853223443031311,
          0.5215454697608948,
          2.1024169921875
        ],
        [
          0.0,
          0.0,
          0.0,
          1.0
        ]
      ]
    },
    {
      "file_path": "./train/r_48",
      "rotation": 0.012566370614359171,
      "transform_matrix": [
        [
          -0.8087576627731323,
          0.5572271347045898,
          -0.18817304074764252,
          -0.7585498094558716
        ],
        [
          -0.5881421566009521,
          -0.7662461400032043,
          0.2587577998638153,
          1.043086051940918
        ],
        [
          0.0,
          0.31994491815567017,
          0.9474361538887024,
          3.819237232208252
        ],
        [
          0.0,
          0.0,
          0.0,
          1.0
        ]
      ]
    },
    {
      "file_path": "./train/r_50",
      "rotation": 0.012566370614359171,
      "transform_matrix": [
        [
          0.31597405672073364,
          -0.14568167924880981,
          0.9375165104866028,
          3.779249906539917
        ],
        [
          0.948767900466919,
          0.04851727932691574,
          -0.31222695112228394,
          -1.2586270570755005
        ],
        [
          -3.725290742551124e-09,
          0.9881411194801331,
          0.15354828536510468,
          0.6189729571342468
        ],
        [
          0.0,
          0.0,
          0.0,
          1.0
        ]
      ]
    }
  ]
}
