{
  "w": 800,
  "h": 800,
  "fl_x": 1111.111083984375,
  "fl_y": 1111.111083984375,
  "cx": 400,
  "cy": 400,
  "camera_angle_x": 0.6911111767247959,
  "frames": [
    {
      "file_path": "rgb/4",
      "transform_matrix": [
        [
          -0.43033955432546617,
          -0.318172471534409,
          0.8447331805609656,
          2.534199541682897
        ],
        [
          2.3446055668090595e-17,
          0.935819189320012,
          0.35248041775456923,
          1.0574412532637079
        ],
        [
          -0.9026670859087303,
          0.15168626588495548,
          -0.40272001286119297,
          -1.208160038583579
        ],
        [
          0.0,
          0.0,
          0.0,
          1.0
        ]
      ]
    },
    {
      "file_path": "rgb/9",
      "transform_matrix": [
        [
          -0.8475880247190479,
          -0.2009006507126052,
          0.4911552391007496,
          1.4734657173022487
        ],
        [
          -2.998772866820793e-17,
          0.9255644508033222,
          0.3785900783289818,
          1.1357702349869452
        ],
        [
          -0.5306548222270883,
          0.3208884166690912,
          -0.7844973446065581,
          -2.3534920338196743
        ],
        [
          0.0,
          0.0,
          0.0,
          1.0
        ]
      ]
    },
    {
      "file_path": "rgb/14",
      "transform_matrix": [
        [
          -0.9999742130269909,
          0.002906332544538201,
          -0.006567077903482583,
          -0.01970123371044775
        ],
        [
          -9.485068524873844e-19,
          0.9144496275528382,
          0.4046997389033943,
          1.2140992167101827
        ],
        [
          0.007181453964891171,
          0.40468930292215033,
          -0.9144260466649743,
          -2.743278139994923
        ],
        [
          0.0,
          0.0,
          0.0,
          1.0
        ]
      ]
    },
    {
      "file_path": "rgb/44",
      "transform_matrix": [
        [
          0.965114587818971,
          -0.1469790903033041,
          0.21668174679153498,
          0.650045240374605
        ],
        [
          0.0,
          0.8275732777298185,
          0.5613577023498696,
          1.6840731070496087
        ],
        [
          -0.26182786784263,
          -0.541774507522399,
          0.7987030428262084,
          2.396109128478625
        ],
        [
          0.0,
          0.0,
          0.0,
          1.0
        ]
      ]
    },
    {
      "file_path": "rgb/49",
      "transform_matrix": [
        [
          0.673790181942551,
          -0.43409298354609754,
          0.5979716317300272,
          1.7939148951900816
        ],
        [
          0.0,
          0.8092478591252433,
          0.5874673629242819,
          1.762402088772846
        ],
        [
          -0.7389227231029127,
          -0.39582974135006266,
          0.5452632622366178,
          1.6357897867098534
        ],
        [
          0.0,
          0.0,
          0.0,
          1.0
        ]
      ]
    },
    {
      "file_path": "rgb/54",
      "transform_matrix": [
        [
          0.17191347939416216,
          -0.6044421208678682,
          0.7778788325461404,
          2.333636497638422
        ],
        [
          -1.079523737826577e-17,
          0.7896348752648165,
          0.6135770234986944,
          1.840731070496083
        ],
        [
          -0.9851120523080574,
          -0.10548216098597418,
          0.13574887885774986,
          0.40724663657324955
        ],
        [
          0.0,
          0.0,
          0.0,
          1.0
        ]
      ]
    },
    {
      "file_path": "rgb/58",
      "transform_matrix": [
        [
          -0.34087426008020016,
          0.5964659583500146,
          -0.7266588603632207,
          -2.1799765810896616
        ],
        [
          0.0,
          0.772951795730231,
          0.6344647519582246,
          1.903394255874674
        ],
        [
          0.9401088973171012,
          0.21627270287072753,
          -0.26347937144720446,
          -0.7904381143416135
        ],
        [
          0.0,
          0.0,
          0.0,
          1.0
        ]
      ]
    },
    {
      "file_path": "rgb/69",
      "transform_matrix": [
        [
          -0.9990363448487963,
          -0.030368145300111532,
          0.03168844303824105,
          0.09506532911472317
        ],
        [
          4.805410786271168e-18,
          0.7219875898779893,
          0.691906005221932,
          2.0757180156657964
        ],
        [
          -0.04389056471676497,
          0.6912392464358513,
          -0.7212918428178983,
          -2.163875528453695
        ],
        [
          0.0,
          0.0,
          0.0,
          1.0
        ]
      ]
    },
    {
      "file_path": "rgb/94",
      "transform_matrix": [
        [
          0.9384348319699451,
          0.28412203521112056,
          -0.196506323697309,
          -0.5895189710919269
        ],
        [
          -3.3747255431066263e-17,
          0.5688311797867872,
          0.8224543080939948,
          2.4673629242819843
        ],
        [
          0.34545631582812436,
          -0.7718197704191455,
          0.5338109926224794,
          1.601432977867438
        ],
        [
          0.0,
          0.0,
          0.0,
          1.0
        ]
      ]
    },
    {
      "file_path": "rgb/108",
      "transform_matrix": [
        [
          -0.8223263224569708,
          0.5095889076672944,
          -0.25317694321728373,
          -0.759530829651851
        ],
        [
          0.0,
          0.44493803455124387,
          0.8955613577023498,
          2.6866840731070494
        ],
        [
          0.5690161855293696,
          0.736443677813945,
          -0.36588425767375704,
          -1.097652773021271
        ],
        [
          0.0,
          0.0,
          0.0,
          1.0
        ]
      ]
    },
    {
      "file_path": "rgb/118",
      "transform_matrix": [
        [
          0.16683774247694183,
          0.9344969306332894,
          -0.31445294452772815,
          -0.9433588335831844
        ],
        [
          0.0,
          0.31892285085331534,
          0.947780678851175,
          2.843342036553525
        ],
        [
          0.9859843648279609,
          -0.15812558882279346,
          0.053208368460677474,
          0.15962510538203242
        ],
        [
          0.0,
          0.0,
          0.0,
          1.0
        ]
      ]
    },
    {
      "file_path": "rgb/123",
      "transform_matrix": [
        [
          0.6699756966436614,
          0.7229996628249946,
          -0.16853502146967683,
          -0.5056050644090304
        ],
        [
          0.0,
          0.22701895685936413,
          0.9738903394255877,
          2.921671018276763
        ],
        [
          0.742383031801536,
          -0.6524828586111898,
          0.15209718377316978,
          0.4562915513195093
        ],
        [
          0.0,
          0.0,
          0.0,
          1.0
        ]
      ]
    }
  ]
}
