{
  "w": 800,
  "h": 800,
  "fl_x": 1111.111083984375,
  "fl_y": 1111.111083984375,
  "cx": 400,
  "cy": 400,
  "camera_angle_x": 0.6911111767247959,
  "frames": [
    {
      "file_path": "rgb/13",
      "transform_matrix": [
        [
          0.7422008660189487,
          0.267721035765128,
          -0.6143804370986837,
          -1.8431413112960509
        ],
        [
          0.0,
          0.9167428657390471,
          0.3994778067885118,
          1.1984334203655354
        ],
        [
          0.6701774947584577,
          -0.2964927741537838,
          0.6804073488682137,
          2.041222046604641
        ],
        [
          0.0,
          0.0,
          0.0,
          1.0
        ]
      ]
    },
    {
      "file_path": "rgb/14",
      "transform_matrix": [
        [
          -0.9999742130269909,
          0.002906332544538201,
          -0.006567077903482583,
          -0.01970123371044775
        ],
        [
          -9.485068524873844e-19,
          0.9144496275528382,
          0.4046997389033943,
          1.2140992167101827
        ],
        [
          0.007181453964891171,
          0.40468930292215033,
          -0.9144260466649743,
          -2.743278139994923
        ],
        [
          0.0,
          0.0,
          0.0,
          1.0
        ]
      ]
    },
    {
      "file_path": "rgb/51",
      "transform_matrix": [
        [
          -0.6771868232287345,
          -0.43994973057808623,
          0.5897984749129521,
          1.769395424738856
        ],
        [
          1.3850738575180247e-16,
          0.8015623272354693,
          0.5979112271540472,
          1.7937336814621416
        ],
        [
          -0.7358111214471923,
          0.4048976044892434,
          -0.5428074460004187,
          -1.6284223380012561
        ],
        [
          0.0,
          0.0,
          0.0,
          1.0
        ]
      ]
    },
    {
      "file_path": "rgb/66",
      "transform_matrix": [
        [
          -0.6426841208702491,
          0.5180887691295752,
          -0.5643944968575055,
          -1.6931834905725167
        ],
        [
          -1.507060361255262e-16,
          0.7366811928491229,
          0.6762402088772845,
          2.028720626631854
        ],
        [
          0.766131268635627,
          0.4346088441394111,
          -0.4734533047878849,
          -1.4203599143636547
        ],
        [
          0.0,
          0.0,
          0.0,
          1.0
        ]
      ]
    },
    {
      "file_path": "rgb/69",
      "transform_matrix": [
        [
          -0.9990363448487963,
          -0.030368145300111532,
          0.03168844303824105,
          0.09506532911472317
        ],
        [
          4.805410786271168e-18,
          0.7219875898779893,
          0.691906005221932,
          2.0757180156657964
        ],
        [
          -0.04389056471676497,
          0.6912392464358513,
          -0.7212918428178983,
          -2.163875528453695
        ],
        [
          0.0,
          0.0,
          0.0,
          1.0
        ]
      ]
    },
    {
      "file_path": "rgb/70",
      "transform_matrix": [
        [
          0.7663059592364698,
          -0.44788784185834524,
          0.4606209482363434,
          1.3818628447090302
        ],
        [
          1.5485432192058056e-16,
          0.7169467476629754,
          0.6971279373368147,
          2.091383812010444
        ],
        [
          -0.6424758180964277,
          -0.5342132927314294,
          0.5494005651893438,
          1.6482016955680312
        ],
        [
          0.0,
          0.0,
          0.0,
          1.0
        ]
      ]
    },
    {
      "file_path": "rgb/84",
      "transform_matrix": [
        [
          0.08486022022737322,
          0.7674566459839748,
          -0.6354597072655277,
          -1.906379121796583
        ],
        [
          0.0,
          0.6377601938703716,
          0.7702349869451696,
          2.310704960835509
        ],
        [
          0.9963928658029231,
          -0.06536231061899506,
          0.05412047050409199,
          0.16236141151227595
        ],
        [
          0.0,
          0.0,
          0.0,
          1.0
        ]
      ]
    },
    {
      "file_path": "rgb/86",
      "transform_matrix": [
        [
          0.9999966844902053,
          0.0020103061896681517,
          -0.0016092475324420116,
          -0.004827742597326035
        ],
        [
          2.777588174327413e-19,
          0.6249324214090547,
          0.7806788511749345,
          2.342036553524804
        ],
        [
          0.0025750744837555258,
          -0.7806762628265572,
          0.6249303494394903,
          1.874791048318471
        ],
        [
          0.0,
          0.0,
          0.0,
          1.0
        ]
      ]
    },
    {
      "file_path": "rgb/122",
      "transform_matrix": [
        [
          0.007453304832708261,
          -0.9686415013230144,
          0.24835074020781103,
          0.7450522206234331
        ],
        [
          0.0,
          0.24835763865470709,
          0.9686684073107048,
          2.9060052219321144
        ],
        [
          -0.9999722237377751,
          -0.00721978092150069,
          0.0018510851884251459,
          0.005553255565275438
        ],
        [
          0.0,
          0.0,
          0.0,
          1.0
        ]
      ]
    }
  ]
}
