{
  "camera_angle_x": 0.6194058656692505,
  "frames": [
    {
      "file_path": "./train/r_7",
      "rotation": 0.012566370614359171,
      "transform_matrix": [
        [
          0.9275531768798828,
          -0.3422110676765442,
          0.15012326836585999,
          0.6051661968231201
        ],
        [
          0.373691588640213,
          0.8494142889976501,
          -0.37262630462646484,
          -1.5021045207977295
        ],
        [
          0.0,
          0.401730477809906,
          0.9157580733299255,
          3.6915383338928223
        ],
        [
          0.0,
          0.0,
          0.0,
          1.0
        ]
      ]
    },
    {
      "file_path": "./train/r_12",
      "rotation": 0.012566370614359171,
      "transform_matrix": [
        [
          0.3493795692920685,
          -0.14126531779766083,
          0.9262711405754089,
          3.7339179515838623
        ],
        [
          0.9369814991950989,
          0.05267469957470894,
          -0.34538590908050537,
          -1.392295002937317
        ],
        [
          0.0,
          0.988569438457489,
          0.15076641738414764,
          0.6077588200569153
        ],
        [
          0.0,
          0.0,
          0.0,
          1.0
        ]
      ]
    },
    {
      "file_path": "./train/r_27",
      "rotation": 0.012566370614359171,
      "transform_matrix": [
        [
          0.3423742949962616,
          0.6553047895431519,
          -0.6733168959617615,
          -2.7142269611358643
        ],
        [
          -0.9395637512207031,
          0.23879119753837585,
          -0.2453547567129135,
          -0.9890565276145935
        ],
        [
          0.0,
          0.7166271209716797,
          0.6974565386772156,
          2.811537027359009
        ],
        [
          0.0,
          0.0,
          0.0,
          1.0
        ]
      ]
    },
    {
      "file_path": "./train/r_31",
      "rotation": 0.012566370614359171,
      "transform_matrix": [
        [
          0.6151498556137085,
          0.11093602329492569,
          -0.7805665731430054,
          -3.14656400680542
        ],
        [
          -0.788410484790802,
          0.08655679225921631,
          -0.6090297698974609,
          -2.4550771713256836
        ],
        [
          0.0,
          0.9900511503219604,
          0.14070849120616913,
          0.5672140121459961
        ],
        [
          0.0,
          0.0,
          0.0,
          1.0
        ]
      ]
    },
    {
      "file_path": "./train/r_40",
      "rotation": 0.012566370614359171,
      "transform_matrix": [
        [
          -0.9685715436935425,
          0.14712664484977722,
          -0.20055672526359558,
          -0.8084698915481567
        ],
        [
          -0.24873530864715576,
          -0.5729089379310608,
          0.7809649109840393,
          3.148169755935669
        ],
        [
          7.450581485102248e-09,
          0.8063058257102966,
          0.5914989113807678,
          2.3844082355499268
        ],
        [
          0.0,
          0.0,
          0.0,
          1.0
        ]
      ]
    },
    {
      "file_path": "./train/r_43",
      "rotation": 0.012566370614359171,
      "transform_matrix": [
        [
          -0.9199727773666382,
          -0.1700175404548645,
          0.35319170355796814,
          1.4237611293792725
        ],
        [
          0.3919826149940491,
          -0.39902663230895996,
          0.8289316296577454,
          3.3415298461914062
        ],
        [
          -1.4901162970204496e-08,
          0.9010393023490906,
          0.43373754620552063,
          1.7484517097473145
        ],
        [
          0.0,
          0.0,
          0.0,
          1.0
        ]
      ]
    }
  ]
}
