{
  "camera_angle_x": 0.6911112070083618,
  "frames": [
    {
      "file_path": "./train/r_0",
      "rotation": 0.012566370614359171,
      "transform_matrix": [
        [
          -0.04659058526158333,
          0.17529651522636414,
          -0.9834126234054565,
          -3.9642629623413086
        ],
        [
          -0.9989140629768372,
          -0.008176046423614025,
          0.04586757719516754,
          0.18489810824394226
        ],
        [
          -9.313225746154785e-10,
          0.984481692314148,
          0.17548708617687225,
          0.7074110507965088
        ],
        [
          0.0,
          0.0,
          0.0,
          1.0
        ]
      ]
    },
    {
      "file_path": "./train/r_36",
      "rotation": 0.012566370614359171,
      "transform_matrix": [
        [
          0.9519041180610657,
          -0.05675052851438522,
          0.301094651222229,
          1.2137513160705566
        ],
        [
          0.3063961863517761,
          0.17631115019321442,
          -0.9354335069656372,
          -3.770853042602539
        ],
        [
          0.0,
          0.9826971888542175,
          0.18521946668624878,
          0.7466435432434082
        ],
        [
          0.0,
          0.0,
          0.0,
          1.0
        ]
      ]
    },
    {
      "file_path": "./train/r_45",
      "rotation": 0.012566370614359171,
      "transform_matrix": [
        [
          0.1456034779548645,
          -0.9186524748802185,
          0.36725643277168274,
          1.4804580211639404
        ],
        [
          0.9893430471420288,
          0.13519981503486633,
          -0.05404981970787048,
          -0.21788179874420166
        ],
        [
          0.0,
          0.3712124228477478,
          0.9285479784011841,
          3.7430965900421143
        ],
        [
          0.0,
          0.0,
          0.0,
          1.0
        ]
      ]
    },
    {
      "file_path": "./train/r_57",
      "rotation": 0.012566370614359171,
      "transform_matrix": [
        [
          -0.05328943952918053,
          -0.16863788664340973,
          0.984236478805542,
          3.9675841331481934
        ],
        [
          0.9985790848731995,
          -0.008999406360089779,
          0.05252404510974884,
          0.2117311954498291
        ],
        [
          0.0,
          0.9856370091438293,
          0.16887784004211426,
          0.6807683706283569
        ],
        [
          0.0,
          0.0,
          0.0,
          1.0
        ]
      ]
    },
    {
      "file_path": "./train/r_65",
      "rotation": 0.012566370614359171,
      "transform_matrix": [
        [
          -0.9870609641075134,
          0.10839660465717316,
          -0.11815619468688965,
          -0.4763028621673584
        ],
        [
          -0.16034559905529022,
          -0.6672715544700623,
          0.7273499369621277,
          2.9320414066314697
        ],
        [
          -7.450580596923828e-09,
          0.736884593963623,
          0.6760185956954956,
          2.7251181602478027
        ],
        [
          0.0,
          0.0,
          0.0,
          1.0
        ]
      ]
    },
    {
      "file_path": "./train/r_68",
      "rotation": 0.012566370614359171,
      "transform_matrix": [
        [
          -0.49757710099220276,
          0.6251769065856934,
          -0.6013076305389404,
          -2.4239485263824463
        ],
        [
          -0.8674197793006897,
          -0.3586195707321167,
          0.34492748975753784,
          1.3904471397399902
        ],
        [
          1.4901161193847656e-08,
          0.6932141780853271,
          0.7207316756248474,
          2.905362367630005
        ],
        [
          0.0,
          0.0,
          0.0,
          1.0
        ]
      ]
    },
    {
      "file_path": "./train/r_77",
      "rotation": 0.012566370614359171,
      "transform_matrix": [
        [
          0.9075150489807129,
          -0.4160526394844055,
          0.057589251548051834,
          0.23214970529079437
        ],
        [
          0.4200194180011749,
          0.8989442586898804,
          -0.12443023175001144,
          -0.5015943050384521
        ],
        [
          -3.725290076417309e-09,
          0.13711106777191162,
          0.9905557036399841,
          3.9930577278137207
        ],
        [
          0.0,
          0.0,
          0.0,
          1.0
        ]
      ]
    },
    {
      "file_path": "./train/r_85",
      "rotation": 0.012566370614359171,
      "transform_matrix": [
        [
          -0.2481788843870163,
          0.31420111656188965,
          -0.9163432121276855,
          -3.6938977241516113
        ],
        [
          -0.9687142968177795,
          -0.08049647510051727,
          0.23476172983646393,
          0.9463548064231873
        ],
        [
          -7.450580596923828e-09,
          0.9459376931190491,
          0.3243485987186432,
          1.3074910640716553
        ],
        [
          0.0,
          0.0,
          0.0,
          1.0
        ]
      ]
    },
    {
      "file_path": "./train/r_94",
      "rotation": 0.012566370614359171,
      "transform_matrix": [
        [
          -0.8917912840843201,
          -0.2203759104013443,
          0.39514920115470886,
          1.5928974151611328
        ],
        [
          0.45244720578193665,
          -0.4343695640563965,
          0.7788546681404114,
          3.1396636962890625
        ],
        [
          -2.980232594040899e-08,
          0.8733599185943604,
          0.4870753884315491,
          1.9634636640548706
        ],
        [
          0.0,
          0.0,
          0.0,
          1.0
        ]
      ]
    }
  ]
}
