{
  "camera_angle_x": 0.6911112070083618,
  "frames": [
    {
      "file_path": "./train/r_16",
      "rotation": 0.012566370614359171,
      "transform_matrix": [
        [
          0.027753591537475586,
          -0.1668950766324997,
          0.9855839610099792,
          3.9730160236358643
        ],
        [
          0.9996147751808167,
          0.004633722826838493,
          -0.027364036068320274,
          -0.1103079542517662
        ],
        [
          0.0,
          0.9859637022018433,
          0.16695940494537354,
          0.6730349063873291
        ],
        [
          0.0,
          0.0,
          0.0,
          1.0
        ]
      ]
    },
    {
      "file_path": "./train/r_21",
      "rotation": 0.012566370614359171,
      "transform_matrix": [
        [
          0.9297462701797485,
          0.2090565711259842,
          -0.30309605598449707,
          -1.221819281578064
        ],
        [
          -0.3682008683681488,
          0.5278900265693665,
          -0.7653497457504272,
          -3.085223436355591
        ],
        [
          -1.4901161193847656e-08,
          0.8231813311576843,
          0.5677785873413086,
          2.2887887954711914
        ],
        [
          0.0,
          0.0,
          0.0,
          1.0
        ]
      ]
    },
    {
      "file_path": "./train/r_31",
      "rotation": 0.012566370614359171,
      "transform_matrix": [
        [
          0.03774317353963852,
          -0.9023524522781372,
          0.42934301495552063,
          1.7307370901107788
        ],
        [
          0.9992875456809998,
          0.034081924706697464,
          -0.016216320917010307,
          -0.06537008285522461
        ],
        [
          0.0,
          0.42964908480644226,
          0.9029958844184875,
          3.6400928497314453
        ],
        [
          0.0,
          0.0,
          0.0,
          1.0
        ]
      ]
    },
    {
      "file_path": "./train/r_41",
      "rotation": 0.012566370614359171,
      "transform_matrix": [
        [
          0.8673840165138245,
          -0.468833863735199,
          0.16685236990451813,
          0.6726034283638
        ],
        [
          0.49763932824134827,
          0.8171761631965637,
          -0.2908232510089874,
          -1.1723459959030151
        ],
        [
          0.0,
          0.33528774976730347,
          0.9421157240867615,
          3.797790050506592
        ],
        [
          0.0,
          0.0,
          0.0,
          1.0
        ]
      ]
    },
    {
      "file_path": "./train/r_75",
      "rotation": 0.012566370614359171,
      "transform_matrix": [
        [
          -0.12003988772630692,
          0.6254516243934631,
          -0.770973801612854,
          -3.1078951358795166
        ],
        [
          -0.9927690625190735,
          -0.07562598586082458,
          0.09322168678045273,
          0.3757886588573456
        ],
        [
          0.0,
          0.7765893340110779,
          0.6300070285797119,
          2.539639711380005
        ],
        [
          0.0,
          0.0,
          0.0,
          1.0
        ]
      ]
    },
    {
      "file_path": "./train/r_81",
      "rotation": 0.012566370614359171,
      "transform_matrix": [
        [
          0.6689461469650269,
          0.11091631650924683,
          -0.734988808631897,
          -2.962834596633911
        ],
        [
          -0.743310809135437,
          0.09981966763734818,
          -0.6614567041397095,
          -2.666417360305786
        ],
        [
          0.0,
          0.988804042339325,
          0.14921928942203522,
          0.6015222072601318
        ],
        [
          0.0,
          0.0,
          0.0,
          1.0
        ]
      ]
    },
    {
      "file_path": "./train/r_84",
      "rotation": 0.012566370614359171,
      "transform_matrix": [
        [
          -0.9578516483306885,
          -0.08813882619142532,
          0.2734074592590332,
          1.1021407842636108
        ],
        [
          0.28726309537887573,
          -0.2938905656337738,
          0.9116513133049011,
          3.6749842166900635
        ],
        [
          0.0,
          0.9517666697502136,
          0.30682259798049927,
          1.2368415594100952
        ],
        [
          0.0,
          0.0,
          0.0,
          1.0
        ]
      ]
    },
    {
      "file_path": "./train/r_90",
      "rotation": 0.012566370614359171,
      "transform_matrix": [
        [
          0.9888632297515869,
          0.11364980787038803,
          -0.09609001129865646,
          -0.38735121488571167
        ],
        [
          -0.14882731437683105,
          0.7551309466362,
          -0.6384572386741638,
          -2.5737035274505615
        ],
        [
          0.0,
          0.6456476449966431,
          0.7636353969573975,
          3.078312635421753
        ],
        [
          0.0,
          0.0,
          0.0,
          1.0
        ]
      ]
    },
    {
      "file_path": "./train/r_95",
      "rotation": 0.012566370614359171,
      "transform_matrix": [
        [
          -0.7084556818008423,
          -0.28065159916877747,
          0.6475531458854675,
          2.61037015914917
        ],
        [
          0.7057552337646484,
          -0.2817254662513733,
          0.6500309705734253,
          2.62035870552063
        ],
        [
          -1.4901162970204496e-08,
          0.9175321459770203,
          0.397661417722702,
          1.6030244827270508
        ],
        [
          0.0,
          0.0,
          0.0,
          1.0
        ]
      ]
    }
  ]
}
