{
  "camera_angle_x": 0.6194058656692505,
  "frames": [
    {
      "file_path": "./train/r_12",
      "rotation": 0.012566370614359171,
      "transform_matrix": [
        [
          0.34937962889671326,
          -0.14126531779766083,
          0.9262709617614746,
          3.7339179515838623
        ],
        [
          0.9369816184043884,
          0.05267469957470894,
          -0.3453858494758606,
          -1.392295002937317
        ],
        [
          0.0,
          0.988569438457489,
          0.15076638758182526,
          0.6077588200569153
        ],
        [
          0.0,
          0.0,
          0.0,
          1.0
        ]
      ]
    },
    {
      "file_path": "./train/r_31",
      "rotation": 0.012566370614359171,
      "transform_matrix": [
        [
          0.6151498556137085,
          0.11093602329492569,
          -0.7805665731430054,
          -3.14656400680542
        ],
        [
          -0.788410484790802,
          0.08655679225921631,
          -0.6090297698974609,
          -2.4550771713256836
        ],
        [
          0.0,
          0.9900511503219604,
          0.14070849120616913,
          0.5672140121459961
        ],
        [
          0.0,
          0.0,
          0.0,
          1.0
        ]
      ]
    },
    {
      "file_path": "./train/r_83",
      "rotation": 0.012566370614359171,
      "transform_matrix": [
        [
          -0.9940313696861267,
          0.06973107904195786,
          -0.08390398323535919,
          -0.3382277488708496
        ],
        [
          -0.10909770429134369,
          -0.6353467702865601,
          0.7644816637039185,
          3.081723690032959
        ],
        [
          3.725291630729544e-09,
          0.7690719962120056,
          0.6391620635986328,
          2.5765445232391357
        ],
        [
          0.0,
          0.0,
          0.0,
          1.0
        ]
      ]
    }
  ]
}
