{
  "w": 800,
  "h": 800,
  "fl_x": 1111.111083984375,
  "fl_y": 1111.111083984375,
  "cx": 400,
  "cy": 400,
  "camera_angle_x": 0.6911111767247959,
  "frames": [
    {
      "file_path": "rgb/9",
      "transform_matrix": [
        [
          -0.847588024719048,
          -0.2009006507126052,
          0.4911552391007496,
          1.4734657173022485
        ],
        [
          2.998772866820793e-17,
          0.9255644508033222,
          0.37859007832898184,
          1.1357702349869454
        ],
        [
          -0.5306548222270884,
          0.32088841666909124,
          -0.7844973446065584,
          -2.353492033819675
        ],
        [
          0.0,
          0.0,
          0.0,
          1.0
        ]
      ]
    },
    {
      "file_path": "rgb/14",
      "transform_matrix": [
        [
          -0.9999742130269909,
          0.002906332544538201,
          -0.006567077903482583,
          -0.01970123371044775
        ],
        [
          -9.485068524873844e-19,
          0.9144496275528382,
          0.4046997389033943,
          1.2140992167101827
        ],
        [
          0.007181453964891171,
          0.40468930292215033,
          -0.9144260466649743,
          -2.743278139994923
        ],
        [
          0.0,
          0.0,
          0.0,
          1.0
        ]
      ]
    },
    {
      "file_path": "rgb/18",
      "transform_matrix": [
        [
          0.9859389721935476,
          0.07111812747534194,
          -0.1512169139161758,
          -0.45365074174852754
        ],
        [
          -3.067194739525104e-17,
          0.9049172932503898,
          0.42558746736292413,
          1.2767624020887727
        ],
        [
          0.16710578419052738,
          -0.41960327015025645,
          0.8921932260274563,
          2.676579678082369
        ],
        [
          0.0,
          0.0,
          0.0,
          1.0
        ]
      ]
    },
    {
      "file_path": "rgb/23",
      "transform_matrix": [
        [
          0.9215815902814206,
          -0.17534192058070788,
          0.3463272777900067,
          1.0389818333700205
        ],
        [
          -3.1110140271663414e-17,
          0.8921713426316502,
          0.4516971279373368,
          1.3550913838120107
        ],
        [
          -0.38818471434919716,
          -0.4162757574900412,
          0.8222086847459862,
          2.4666260542379588
        ],
        [
          0.0,
          0.0,
          0.0,
          1.0
        ]
      ]
    },
    {
      "file_path": "rgb/29",
      "transform_matrix": [
        [
          0.1356292821343425,
          0.47856536954212414,
          -0.8675136223153692,
          -2.602540866946108
        ],
        [
          0.0,
          0.875604508353971,
          0.48302872062663194,
          1.4490861618798958
        ],
        [
          0.9907596569439647,
          -0.06551283862885995,
          0.11875761090164298,
          0.3562728327049289
        ],
        [
          0.0,
          0.0,
          0.0,
          1.0
        ]
      ]
    },
    {
      "file_path": "rgb/33",
      "transform_matrix": [
        [
          0.03901646628239406,
          -0.5035327508706345,
          0.863094713319162,
          2.589284139957486
        ],
        [
          -2.994461322372445e-18,
          0.8637524022197528,
          0.5039164490861618,
          1.5117493472584853
        ],
        [
          -0.9992385677899123,
          -0.019661039144913975,
          0.03370056647754385,
          0.10110169943263157
        ],
        [
          0.0,
          0.0,
          0.0,
          1.0
        ]
      ]
    },
    {
      "file_path": "rgb/34",
      "transform_matrix": [
        [
          0.646206426224624,
          0.38855540433688734,
          -0.6568424106789983,
          -1.9705272320369953
        ],
        [
          0.0,
          0.860684674423787,
          0.5091383812010443,
          1.527415143603133
        ],
        [
          0.7631626659539892,
          -0.32900849376971714,
          0.5561799675656993,
          1.6685399026970982
        ],
        [
          0.0,
          0.0,
          0.0,
          1.0
        ]
      ]
    },
    {
      "file_path": "rgb/41",
      "transform_matrix": [
        [
          0.3794264278975791,
          -0.5048861084506846,
          0.7753229026066538,
          2.3259687078199613
        ],
        [
          2.151953344982787e-17,
          0.837985885155823,
          0.5456919060052218,
          1.6370757180156654
        ],
        [
          -0.9252219116584318,
          -0.20704993062818278,
          0.3179539910332649,
          0.9538619730997946
        ],
        [
          0.0,
          0.0,
          0.0,
          1.0
        ]
      ]
    },
    {
      "file_path": "rgb/46",
      "transform_matrix": [
        [
          -0.1764494973611814,
          -0.5628298253710584,
          0.8075197598534481,
          2.4225592795603443
        ],
        [
          -1.120658787786344e-17,
          0.8203919602586778,
          0.5718015665796344,
          1.7154046997389034
        ],
        [
          -0.9843096945987003,
          0.1008940990133126,
          -0.144757749026798,
          -0.43427324708039405
        ],
        [
          0.0,
          0.0,
          0.0,
          1.0
        ]
      ]
    },
    {
      "file_path": "rgb/51",
      "transform_matrix": [
        [
          -0.6771868232287345,
          -0.43994973057808623,
          0.5897984749129521,
          1.769395424738856
        ],
        [
          1.3850738575180247e-16,
          0.8015623272354693,
          0.5979112271540472,
          1.7937336814621416
        ],
        [
          -0.7358111214471923,
          0.4048976044892434,
          -0.5428074460004187,
          -1.6284223380012561
        ],
        [
          0.0,
          0.0,
          0.0,
          1.0
        ]
      ]
    },
    {
      "file_path": "rgb/60",
      "transform_matrix": [
        [
          0.9067080795418692,
          0.27199586351907457,
          -0.32233322621474864,
          -0.9669996786442461
        ],
        [
          -7.26338858567034e-17,
          0.7642596919676533,
          0.6449086161879896,
          1.9347258485639687
        ],
        [
          0.4217587681287674,
          -0.5847438528638165,
          0.6929604375752514,
          2.078881312725754
        ],
        [
          0.0,
          0.0,
          0.0,
          1.0
        ]
      ]
    },
    {
      "file_path": "rgb/61",
      "transform_matrix": [
        [
          -0.9534722737470218,
          0.19600182435579358,
          -0.229071840357746,
          -0.6872155210732379
        ],
        [
          0.0,
          0.7598225254382808,
          0.6501305483028723,
          1.9503916449086165
        ],
        [
          0.30148071778421254,
          0.6198814521227375,
          -0.7244697109738418,
          -2.1734091329215253
        ],
        [
          0.0,
          0.0,
          0.0,
          1.0
        ]
      ]
    },
    {
      "file_path": "rgb/65",
      "transform_matrix": [
        [
          0.9914095052584779,
          -0.08776547858830475,
          0.09697635614574296,
          0.2909290684372289
        ],
        [
          -1.8717323961640297e-17,
          0.7414408083258004,
          0.6710182767624022,
          2.0130548302872064
        ],
        [
          -0.13079446809074213,
          -0.6652538977844095,
          0.735071464960728,
          2.205214394882184
        ],
        [
          0.0,
          0.0,
          0.0,
          1.0
        ]
      ]
    },
    {
      "file_path": "rgb/66",
      "transform_matrix": [
        [
          -0.6426841208702491,
          0.5180887691295752,
          -0.5643944968575055,
          -1.6931834905725167
        ],
        [
          -1.507060361255262e-16,
          0.7366811928491229,
          0.6762402088772845,
          2.028720626631854
        ],
        [
          0.766131268635627,
          0.4346088441394111,
          -0.4734533047878849,
          -1.4203599143636547
        ],
        [
          0.0,
          0.0,
          0.0,
          1.0
        ]
      ]
    },
    {
      "file_path": "rgb/69",
      "transform_matrix": [
        [
          -0.9990363448487963,
          -0.030368145300111532,
          0.03168844303824105,
          0.09506532911472317
        ],
        [
          4.805410786271168e-18,
          0.7219875898779893,
          0.691906005221932,
          2.0757180156657964
        ],
        [
          -0.04389056471676497,
          0.6912392464358513,
          -0.7212918428178983,
          -2.163875528453695
        ],
        [
          0.0,
          0.0,
          0.0,
          1.0
        ]
      ]
    },
    {
      "file_path": "rgb/76",
      "transform_matrix": [
        [
          0.42151225656804914,
          0.6605836412038374,
          -0.6212541110824061,
          -1.8637623332472182
        ],
        [
          0.0,
          0.6850888359286987,
          0.7284595300261096,
          2.185378590078329
        ],
        [
          0.9068227045916479,
          -0.307054620319806,
          0.28877334118188375,
          0.8663200235456512
        ],
        [
          0.0,
          0.0,
          0.0,
          1.0
        ]
      ]
    },
    {
      "file_path": "rgb/83",
      "transform_matrix": [
        [
          0.6104804247387435,
          -0.6059143185416427,
          0.5100798855052218,
          1.5302396565156655
        ],
        [
          -1.4512471618820307e-16,
          0.6440147715225419,
          0.7650130548302871,
          2.295039164490862
        ],
        [
          -0.7920313447148435,
          -0.4670254946434774,
          0.39315841125710643,
          1.1794752337713192
        ],
        [
          0.0,
          0.0,
          0.0,
          1.0
        ]
      ]
    },
    {
      "file_path": "rgb/93",
      "transform_matrix": [
        [
          -0.4586202507658723,
          -0.7262191323359178,
          0.5121261928633559,
          1.5363785785900677
        ],
        [
          0.0,
          0.5763082887236092,
          0.8172323759791121,
          2.4516971279373365
        ],
        [
          -0.8886323568199892,
          0.37479931720553006,
          -0.2643066518928725,
          -0.7929199556786176
        ],
        [
          0.0,
          0.0,
          0.0,
          1.0
        ]
      ]
    },
    {
      "file_path": "rgb/102",
      "transform_matrix": [
        [
          0.7629869612731014,
          0.5586501107140078,
          -0.32520908770584156,
          -0.9756272631175246
        ],
        [
          -1.2846387263789576e-16,
          0.5030973198750717,
          0.8642297650130547,
          2.5926892950391642
        ],
        [
          0.64641387433071,
          -0.6593960422490773,
          0.38385669531612243,
          1.1515700859483673
        ],
        [
          0.0,
          0.0,
          0.0,
          1.0
        ]
      ]
    },
    {
      "file_path": "rgb/108",
      "transform_matrix": [
        [
          -0.8223263224569708,
          0.5095889076672944,
          -0.25317694321728373,
          -0.759530829651851
        ],
        [
          0.0,
          0.44493803455124387,
          0.8955613577023498,
          2.6866840731070494
        ],
        [
          0.5690161855293696,
          0.736443677813945,
          -0.36588425767375704,
          -1.097652773021271
        ],
        [
          0.0,
          0.0,
          0.0,
          1.0
        ]
      ]
    },
    {
      "file_path": "rgb/111",
      "transform_matrix": [
        [
          -0.9519069633218771,
          -0.2791883613573991,
          0.12620218723101684,
          0.3786065616930504
        ],
        [
          -3.045955719422886e-17,
          0.41190420455174975,
          0.9112271540469975,
          2.7336814621409924
        ],
        [
          -0.30638722750683045,
          0.8674034731053137,
          -0.39209448053436896,
          -1.1762834416031067
        ],
        [
          0.0,
          0.0,
          0.0,
          1.0
        ]
      ]
    },
    {
      "file_path": "rgb/113",
      "transform_matrix": [
        [
          -0.3884352394647474,
          0.849297746325465,
          -0.3575072066804398,
          -1.0725216200413192
        ],
        [
          0.0,
          0.38797233673121057,
          0.9216710182767625,
          2.765013054830287
        ],
        [
          0.9214760250500088,
          0.3580095026920517,
          -0.1507021275238855,
          -0.45210638257165653
        ],
        [
          0.0,
          0.0,
          0.0,
          1.0
        ]
      ]
    },
    {
      "file_path": "rgb/125",
      "transform_matrix": [
        [
          0.7981135883319734,
          -0.5930682603526398,
          0.10622965067322203,
          0.3186889520196661
        ],
        [
          -2.81973089145514e-17,
          0.17631272079513494,
          0.9843342036553523,
          2.9530026109660565
        ],
        [
          -0.6025070125067934,
          -0.7856105033972687,
          0.14071757826237966,
          0.422152734787139
        ],
        [
          0.0,
          0.0,
          0.0,
          1.0
        ]
      ]
    },
    {
      "file_path": "rgb/126",
      "transform_matrix": [
        [
          -0.18151648203481036,
          0.9731175327441695,
          -0.1417534275268381,
          -0.4252602825805144
        ],
        [
          0.0,
          0.14414802863542872,
          0.989556135770235,
          2.9686684073107052
        ],
        [
          0.9833879024828943,
          0.17962074854097423,
          -0.02616524305015607,
          -0.07849572915046822
        ],
        [
          0.0,
          0.0,
          0.0,
          1.0
        ]
      ]
    }
  ]
}
