{
  "camera_angle_x": 0.6911112070083618,
  "frames": [
    {
      "file_path": "./train/r_2",
      "rotation": 0.012566370614359171,
      "transform_matrix": [
        [
          0.3260957896709442,
          0.14048941433429718,
          -0.934839129447937,
          -3.7684571743011475
        ],
        [
          -0.9453368186950684,
          0.04846210405230522,
          -0.3224746286869049,
          -1.2999367713928223
        ],
        [
          0.0,
          0.9888953566551208,
          0.1486130952835083,
          0.5990785360336304
        ],
        [
          0.0,
          0.0,
          0.0,
          1.0
        ]
      ]
    },
    {
      "file_path": "./train/r_11",
      "rotation": 0.012566370614359171,
      "transform_matrix": [
        [
          -0.6059895157814026,
          0.3178822100162506,
          -0.7291965484619141,
          -2.9394853115081787
        ],
        [
          -0.7954726219177246,
          -0.2421620488166809,
          0.5555005073547363,
          2.2392940521240234
        ],
        [
          -1.4901161193847656e-08,
          0.9166833758354187,
          0.39961424469947815,
          1.6108965873718262
        ],
        [
          0.0,
          0.0,
          0.0,
          1.0
        ]
      ]
    },
    {
      "file_path": "./train/r_36",
      "rotation": 0.012566370614359171,
      "transform_matrix": [
        [
          -0.9913942217826843,
          -0.13035331666469574,
          0.01206086203455925,
          0.04861889034509659
        ],
        [
          0.13091009855270386,
          -0.9871777296066284,
          0.09133801609277725,
          0.3681953251361847
        ],
        [
          9.313225746154785e-10,
          0.09213109314441681,
          0.995746910572052,
          4.013984203338623
        ],
        [
          0.0,
          0.0,
          0.0,
          1.0
        ]
      ]
    },
    {
      "file_path": "./train/r_38",
      "rotation": 0.012566370614359171,
      "transform_matrix": [
        [
          0.07142041623592377,
          0.8335370421409607,
          -0.5478276610374451,
          -2.2083640098571777
        ],
        [
          -0.9974463582038879,
          0.05968397110700607,
          -0.03922624886035919,
          -0.1581260710954666
        ],
        [
          0.0,
          0.5492302775382996,
          0.835671067237854,
          3.3686978816986084
        ],
        [
          0.0,
          0.0,
          0.0,
          1.0
        ]
      ]
    },
    {
      "file_path": "./train/r_44",
      "rotation": 0.012566370614359171,
      "transform_matrix": [
        [
          -0.9577675461769104,
          -0.06264221668243408,
          0.2806372344493866,
          1.1312848329544067
        ],
        [
          0.28754356503486633,
          -0.20865248143672943,
          0.934763491153717,
          3.7681522369384766
        ],
        [
          -3.725290298461914e-09,
          0.975981593132019,
          0.21785293519496918,
          0.8781932592391968
        ],
        [
          0.0,
          0.0,
          0.0,
          1.0
        ]
      ]
    },
    {
      "file_path": "./train/r_50",
      "rotation": 0.012566370614359171,
      "transform_matrix": [
        [
          0.31597405672073364,
          -0.14568167924880981,
          0.9375165104866028,
          3.779249906539917
        ],
        [
          0.948767900466919,
          0.04851727932691574,
          -0.31222695112228394,
          -1.2586270570755005
        ],
        [
          -3.725290742551124e-09,
          0.9881411194801331,
          0.15354828536510468,
          0.6189729571342468
        ],
        [
          0.0,
          0.0,
          0.0,
          1.0
        ]
      ]
    },
    {
      "file_path": "./train/r_58",
      "rotation": 0.012566370614359171,
      "transform_matrix": [
        [
          0.5903539657592773,
          0.7669787406921387,
          -0.2514474391937256,
          -1.0136170387268066
        ],
        [
          -0.8071444630622864,
          0.5609763264656067,
          -0.1839113086462021,
          -0.7413702011108398
        ],
        [
          0.0,
          0.3115271329879761,
          0.9502372145652771,
          3.830528736114502
        ],
        [
          0.0,
          0.0,
          0.0,
          1.0
        ]
      ]
    },
    {
      "file_path": "./train/r_66",
      "rotation": 0.012566370614359171,
      "transform_matrix": [
        [
          0.8772726655006409,
          -0.28429341316223145,
          0.38674262166023254,
          1.5590094327926636
        ],
        [
          0.47999224066734314,
          0.5195976495742798,
          -0.7068420648574829,
          -2.8493714332580566
        ],
        [
          -1.4901160305669237e-08,
          0.8057267069816589,
          0.5922874212265015,
          2.387587070465088
        ],
        [
          0.0,
          0.0,
          0.0,
          1.0
        ]
      ]
    },
    {
      "file_path": "./train/r_69",
      "rotation": 0.012566370614359171,
      "transform_matrix": [
        [
          -0.9952996373176575,
          -0.04463791847229004,
          0.08594268560409546,
          0.34644603729248047
        ],
        [
          0.09684363007545471,
          -0.4587612450122833,
          0.8832663297653198,
          3.560560464859009
        ],
        [
          3.725290298461914e-09,
          0.887437641620636,
          0.4609277844429016,
          1.858059287071228
        ],
        [
          0.0,
          0.0,
          0.0,
          1.0
        ]
      ]
    }
  ]
}
