{
  "camera_angle_x": 0.6911112070083618,
  "frames": [
    {
      "file_path": "./train/r_2",
      "rotation": 0.012566370614359171,
      "transform_matrix": [
        [
          0.3260957896709442,
          0.14048941433429718,
          -0.934839129447937,
          -3.7684571743011475
        ],
        [
          -0.9453368186950684,
          0.04846210405230522,
          -0.3224746286869049,
          -1.2999367713928223
        ],
        [
          0.0,
          0.9888953566551208,
          0.1486130952835083,
          0.5990785360336304
        ],
        [
          0.0,
          0.0,
          0.0,
          1.0
        ]
      ]
    },
    {
      "file_path": "./train/r_24",
      "rotation": 0.012566370614359171,
      "transform_matrix": [
        [
          0.697782039642334,
          0.20249579846858978,
          -0.6870921850204468,
          -2.7697572708129883
        ],
        [
          -0.7163101434707642,
          0.19725804030895233,
          -0.6693198084831238,
          -2.6981143951416016
        ],
        [
          1.4901161193847656e-08,
          0.9592105150222778,
          0.28269290924072266,
          1.1395715475082397
        ],
        [
          0.0,
          0.0,
          0.0,
          1.0
        ]
      ]
    },
    {
      "file_path": "./train/r_40",
      "rotation": 0.012566370614359171,
      "transform_matrix": [
        [
          -0.7109672427177429,
          0.552476167678833,
          -0.4350811839103699,
          -1.7538683414459229
        ],
        [
          -0.7032251358032227,
          -0.5585586428642273,
          0.4398711919784546,
          1.7731775045394897
        ],
        [
          -1.4901161193847656e-08,
          0.6186939477920532,
          0.7856320142745972,
          3.1669838428497314
        ],
        [
          0.0,
          0.0,
          0.0,
          1.0
        ]
      ]
    },
    {
      "file_path": "./train/r_43",
      "rotation": 0.012566370614359171,
      "transform_matrix": [
        [
          0.3290100693702698,
          -0.6361754536628723,
          0.6978775262832642,
          2.813234329223633
        ],
        [
          0.9443264007568359,
          0.22164809703826904,
          -0.24314555525779724,
          -0.9801510572433472
        ],
        [
          0.0,
          0.7390215992927551,
          0.6736817359924316,
          2.715698003768921
        ],
        [
          0.0,
          0.0,
          0.0,
          1.0
        ]
      ]
    },
    {
      "file_path": "./train/r_45",
      "rotation": 0.012566370614359171,
      "transform_matrix": [
        [
          -0.003622838295996189,
          0.682163655757904,
          -0.7311904430389404,
          -2.9475231170654297
        ],
        [
          -0.9999935030937195,
          -0.0024713845923542976,
          0.0026490017771720886,
          0.010678468272089958
        ],
        [
          -1.1641533570472262e-10,
          0.7311952710151672,
          0.6821681261062622,
          2.749907970428467
        ],
        [
          0.0,
          0.0,
          0.0,
          1.0
        ]
      ]
    },
    {
      "file_path": "./train/r_50",
      "rotation": 0.012566370614359171,
      "transform_matrix": [
        [
          0.31597405672073364,
          -0.14568167924880981,
          0.9375165104866028,
          3.779249906539917
        ],
        [
          0.948767900466919,
          0.04851727932691574,
          -0.31222695112228394,
          -1.2586270570755005
        ],
        [
          -3.725290742551124e-09,
          0.9881411194801331,
          0.15354828536510468,
          0.6189729571342468
        ],
        [
          0.0,
          0.0,
          0.0,
          1.0
        ]
      ]
    },
    {
      "file_path": "./train/r_51",
      "rotation": 0.012566370614359171,
      "transform_matrix": [
        [
          -0.9440658092498779,
          -0.17011535167694092,
          0.2824901044368744,
          1.1387540102005005
        ],
        [
          0.32975733280181885,
          -0.48702505230903625,
          0.8087438941001892,
          3.260150909423828
        ],
        [
          0.0,
          0.8566606044769287,
          0.5158804655075073,
          2.079580783843994
        ],
        [
          0.0,
          0.0,
          0.0,
          1.0
        ]
      ]
    },
    {
      "file_path": "./train/r_53",
      "rotation": 0.012566370614359171,
      "transform_matrix": [
        [
          -0.8667735457420349,
          0.43801936507225037,
          -0.23841708898544312,
          -0.9610900282859802
        ],
        [
          -0.49870210886001587,
          -0.7613034248352051,
          0.4143829643726349,
          1.670431137084961
        ],
        [
          1.4901164746561335e-08,
          0.4780752956867218,
          0.8783188462257385,
          3.540616512298584
        ],
        [
          0.0,
          0.0,
          0.0,
          1.0
        ]
      ]
    },
    {
      "file_path": "./train/r_54",
      "rotation": 0.012566370614359171,
      "transform_matrix": [
        [
          -0.856391966342926,
          -0.4821973741054535,
          0.18460367619991302,
          0.7441612482070923
        ],
        [
          0.5163262486457825,
          -0.7997848987579346,
          0.3061883747577667,
          1.2342848777770996
        ],
        [
          1.4901161193847656e-08,
          0.3575330078601837,
          0.9339004755020142,
          3.7646732330322266
        ],
        [
          0.0,
          0.0,
          0.0,
          1.0
        ]
      ]
    },
    {
      "file_path": "./train/r_60",
      "rotation": 0.012566370614359171,
      "transform_matrix": [
        [
          -0.8108186721801758,
          -0.20059384405612946,
          0.5498501658439636,
          2.2165169715881348
        ],
        [
          0.5852974057197571,
          -0.27788475155830383,
          0.7617132067680359,
          3.070564031600952
        ],
        [
          -1.4901160305669237e-08,
          0.939437210559845,
          0.34272119402885437,
          1.381553292274475
        ],
        [
          0.0,
          0.0,
          0.0,
          1.0
        ]
      ]
    },
    {
      "file_path": "./train/r_86",
      "rotation": 0.012566370614359171,
      "transform_matrix": [
        [
          -0.9999675154685974,
          0.004079710226505995,
          -0.0069617037661373615,
          -0.02806352637708187
        ],
        [
          -0.008069037459790707,
          -0.505584180355072,
          0.8627395033836365,
          3.477814197540283
        ],
        [
          -2.3283067140944524e-10,
          0.8627675771713257,
          0.5056006908416748,
          2.0381414890289307
        ],
        [
          0.0,
          0.0,
          0.0,
          1.0
        ]
      ]
    },
    {
      "file_path": "./train/r_87",
      "rotation": 0.012566370614359171,
      "transform_matrix": [
        [
          -0.998493492603302,
          -0.03315526992082596,
          0.04372131824493408,
          0.1762462705373764
        ],
        [
          0.05487099289894104,
          -0.6033300757408142,
          0.7956016063690186,
          3.2071726322174072
        ],
        [
          0.0,
          0.7968020439147949,
          0.6042404174804688,
          2.4357709884643555
        ],
        [
          0.0,
          0.0,
          0.0,
          1.0
        ]
      ]
    }
  ]
}
