{
  "w": 800,
  "h": 800,
  "fl_x": 1111.111083984375,
  "fl_y": 1111.111083984375,
  "cx": 400,
  "cy": 400,
  "camera_angle_x": 0.6911111767247959,
  "frames": [
    {
      "file_path": "rgb/14",
      "transform_matrix": [
        [
          -0.9999742130269909,
          0.002906332544538201,
          -0.006567077903482583,
          -0.01970123371044775
        ],
        [
          -9.485068524873844e-19,
          0.9144496275528382,
          0.4046997389033943,
          1.2140992167101827
        ],
        [
          0.007181453964891171,
          0.40468930292215033,
          -0.9144260466649743,
          -2.743278139994923
        ],
        [
          0.0,
          0.0,
          0.0,
          1.0
        ]
      ]
    },
    {
      "file_path": "rgb/36",
      "transform_matrix": [
        [
          0.8167356124220337,
          -0.2998052316879071,
          0.4930109151470845,
          1.4790327454412535
        ],
        [
          6.496936234036609e-17,
          0.8544204411371945,
          0.5195822454308094,
          1.558746736292428
        ],
        [
          -0.5770120790777307,
          -0.4243613234255475,
          0.6978356022580907,
          2.093506806774272
        ],
        [
          0.0,
          0.0,
          0.0,
          1.0
        ]
      ]
    },
    {
      "file_path": "rgb/47",
      "transform_matrix": [
        [
          0.7950000131556301,
          0.3500278854223741,
          -0.4954346157761785,
          -1.4863038473285355
        ],
        [
          -1.3593554326578543e-16,
          0.8167275445057175,
          0.577023498694517,
          1.731070496083551
        ],
        [
          0.6066094122930736,
          -0.45873368905324863,
          0.6492984086266107,
          1.947895225879832
        ],
        [
          0.0,
          0.0,
          0.0,
          1.0
        ]
      ]
    },
    {
      "file_path": "rgb/69",
      "transform_matrix": [
        [
          -0.9990363448487963,
          -0.030368145300111532,
          0.03168844303824105,
          0.09506532911472317
        ],
        [
          4.805410786271168e-18,
          0.7219875898779893,
          0.691906005221932,
          2.0757180156657964
        ],
        [
          -0.04389056471676497,
          0.6912392464358513,
          -0.7212918428178983,
          -2.163875528453695
        ],
        [
          0.0,
          0.0,
          0.0,
          1.0
        ]
      ]
    },
    {
      "file_path": "rgb/92",
      "transform_matrix": [
        [
          -0.2620902324273942,
          0.7836252969406231,
          -0.5632407159118332,
          -1.6897221477354998
        ],
        [
          0.0,
          0.5836429037137492,
          0.8120104438642298,
          2.4360313315926896
        ],
        [
          0.9650433721165874,
          0.2128200059658475,
          -0.15296710428893578,
          -0.45890131286680735
        ],
        [
          0.0,
          0.0,
          0.0,
          1.0
        ]
      ]
    },
    {
      "file_path": "rgb/114",
      "transform_matrix": [
        [
          -0.3360280545859575,
          -0.8729959577702961,
          0.3535013497115679,
          1.0605040491347038
        ],
        [
          0.0,
          0.37532580315543385,
          0.926892950391645,
          2.780678851174935
        ],
        [
          -0.9418519769747137,
          0.31146203492954283,
          -0.12611999947023256,
          -0.3783599984106977
        ],
        [
          0.0,
          0.0,
          0.0,
          1.0
        ]
      ]
    }
  ]
}
