{
  "camera_angle_x": 0.6194058656692505,
  "frames": [
    {
      "file_path": "./train/r_12",
      "rotation": 0.012566370614359171,
      "transform_matrix": [
        [
          -0.9713073372840881,
          0.20477892458438873,
          -0.12094450742006302,
          -0.48754292726516724
        ],
        [
          -0.23782765865325928,
          -0.8363336324691772,
          0.4939471185207367,
          1.9911646842956543
        ],
        [
          7.450580596923828e-09,
          0.5085383653640747,
          0.8610391616821289,
          3.4709601402282715
        ],
        [
          0.0,
          0.0,
          0.0,
          1.0
        ]
      ]
    },
    {
      "file_path": "./train/r_69",
      "rotation": 0.012566370614359171,
      "transform_matrix": [
        [
          0.23253430426120758,
          0.1524328589439392,
          -0.9605684280395508,
          -3.872175693511963
        ],
        [
          -0.9725881814956665,
          0.03644489124417305,
          -0.2296605259180069,
          -0.925791323184967
        ],
        [
          0.0,
          0.9876416325569153,
          0.1567290723323822,
          0.6317951679229736
        ],
        [
          0.0,
          0.0,
          0.0,
          1.0
        ]
      ]
    },
    {
      "file_path": "./train/r_95",
      "rotation": 0.012566370614359171,
      "transform_matrix": [
        [
          0.4534713625907898,
          -0.11268522590398788,
          0.8841186165809631,
          3.5639960765838623
        ],
        [
          0.8912707567214966,
          0.0573333315551281,
          -0.44983240962028503,
          -1.813332438468933
        ],
        [
          0.0,
          0.9919750690460205,
          0.12643210589885712,
          0.5096641182899475
        ],
        [
          0.0,
          0.0,
          0.0,
          1.0
        ]
      ]
    }
  ]
}
