{
  "camera_angle_x": 0.6911112070083618,
  "frames": [
    {
      "file_path": "./train/r_1",
      "rotation": 0.012566370614359171,
      "transform_matrix": [
        [
          0.9947428703308105,
          0.014273494482040405,
          -0.10140512883663177,
          -0.4087770879268646
        ],
        [
          -0.10240474343299866,
          0.13865038752555847,
          -0.9850327372550964,
          -3.9707934856414795
        ],
        [
          9.313225746154785e-10,
          0.9902384877204895,
          0.13938315212726593,
          0.5618714094161987
        ],
        [
          0.0,
          0.0,
          0.0,
          1.0
        ]
      ]
    },
    {
      "file_path": "./train/r_14",
      "rotation": 0.012566370614359171,
      "transform_matrix": [
        [
          0.998323380947113,
          -0.05769515037536621,
          -0.004667821805924177,
          -0.018816590309143066
        ],
        [
          -0.057883672416210175,
          -0.9950720071792603,
          -0.08050622791051865,
          -0.3245309591293335
        ],
        [
          0.0,
          0.0806414932012558,
          -0.9967432618141174,
          -4.01800012588501
        ],
        [
          0.0,
          0.0,
          0.0,
          1.0
        ]
      ]
    },
    {
      "file_path": "./train/r_15",
      "rotation": 0.012566370614359171,
      "transform_matrix": [
        [
          0.8931497931480408,
          -0.15285567939281464,
          0.42298802733421326,
          1.7051187753677368
        ],
        [
          0.4497596025466919,
          0.30354663729667664,
          -0.8399857878684998,
          -3.386090040206909
        ],
        [
          0.0,
          0.9404757022857666,
          0.3398609757423401,
          1.3700231313705444
        ],
        [
          0.0,
          0.0,
          0.0,
          1.0
        ]
      ]
    },
    {
      "file_path": "./train/r_52",
      "rotation": 0.012566370614359171,
      "transform_matrix": [
        [
          -0.48419010639190674,
          0.31058669090270996,
          0.8179827928543091,
          3.297394037246704
        ],
        [
          0.8749629259109497,
          0.1718735694885254,
          0.4526582360267639,
          1.824723720550537
        ],
        [
          0.0,
          0.9348772168159485,
          -0.3549712896347046,
          -1.430935025215149
        ],
        [
          0.0,
          0.0,
          0.0,
          1.0
        ]
      ]
    },
    {
      "file_path": "./train/r_77",
      "rotation": 0.012566370614359171,
      "transform_matrix": [
        [
          -0.9996786117553711,
          0.0223421361297369,
          0.011990643106400967,
          0.04833582043647766
        ],
        [
          0.025356393307447433,
          0.8808411955833435,
          0.47273242473602295,
          1.9056451320648193
        ],
        [
          0.0,
          0.4728843569755554,
          -0.8811246156692505,
          -3.551926374435425
        ],
        [
          0.0,
          0.0,
          0.0,
          1.0
        ]
      ]
    },
    {
      "file_path": "./train/r_85",
      "rotation": 0.012566370614359171,
      "transform_matrix": [
        [
          0.9372447729110718,
          -0.033319104462862015,
          -0.3470769226551056,
          -1.3991115093231201
        ],
        [
          -0.348672479391098,
          -0.08956300467252731,
          -0.9329557418823242,
          -3.760864019393921
        ],
        [
          -1.862645371275562e-09,
          0.9954236149787903,
          -0.09555993974208832,
          -0.38521435856819153
        ],
        [
          0.0,
          0.0,
          0.0,
          1.0
        ]
      ]
    }
  ]
}
