{
  "camera_angle_x": 0.6194058656692505,
  "frames": [
    {
      "file_path": "./train/r_6",
      "rotation": 0.012566370614359171,
      "transform_matrix": [
        [
          -0.8640074729919434,
          0.056865982711315155,
          0.5002572536468506,
          2.0166015625
        ],
        [
          0.50347900390625,
          0.0975862666964531,
          0.8584787249565125,
          3.4606385231018066
        ],
        [
          -3.725290742551124e-09,
          0.9936010241508484,
          -0.11294609308242798,
          -0.4553002715110779
        ],
        [
          0.0,
          0.0,
          0.0,
          1.0
        ]
      ]
    },
    {
      "file_path": "./train/r_14",
      "rotation": 0.012566370614359171,
      "transform_matrix": [
        [
          -0.9997804760932922,
          -0.004428272135555744,
          -0.02048291452229023,
          -0.08256927132606506
        ],
        [
          -0.0209561325609684,
          0.21126513183116913,
          0.9772040843963623,
          3.9392356872558594
        ],
        [
          0.0,
          0.9774187803268433,
          -0.21131151914596558,
          -0.8518239855766296
        ],
        [
          0.0,
          0.0,
          0.0,
          1.0
        ]
      ]
    },
    {
      "file_path": "./train/r_25",
      "rotation": 0.012566370614359171,
      "transform_matrix": [
        [
          0.8324961066246033,
          0.5328204035758972,
          0.15183067321777344,
          0.6120491027832031
        ],
        [
          0.5540308952331543,
          -0.8006249070167542,
          -0.2281433343887329,
          -0.9196752309799194
        ],
        [
          -7.450580596923828e-09,
          0.2740474045276642,
          -0.9617161154747009,
          -3.8768019676208496
        ],
        [
          0.0,
          0.0,
          0.0,
          1.0
        ]
      ]
    },
    {
      "file_path": "./train/r_46",
      "rotation": 0.012566370614359171,
      "transform_matrix": [
        [
          0.2526822090148926,
          0.8880485892295837,
          -0.3840850591659546,
          -1.5482964515686035
        ],
        [
          -0.9675493836402893,
          0.2319200336933136,
          -0.10030646622180939,
          -0.40434831380844116
        ],
        [
          0.0,
          0.3969668447971344,
          0.9178329110145569,
          3.6999027729034424
        ],
        [
          0.0,
          0.0,
          0.0,
          1.0
        ]
      ]
    },
    {
      "file_path": "./train/r_72",
      "rotation": 0.012566370614359171,
      "transform_matrix": [
        [
          -0.019381500780582428,
          -0.7093530893325806,
          0.7045866847038269,
          2.8402798175811768
        ],
        [
          0.9998122453689575,
          -0.013750908896327019,
          0.013658512383699417,
          0.055059224367141724
        ],
        [
          -9.31322685637781e-10,
          0.704719066619873,
          0.7094864249229431,
          2.8600313663482666
        ],
        [
          0.0,
          0.0,
          0.0,
          1.0
        ]
      ]
    },
    {
      "file_path": "./train/r_98",
      "rotation": 0.012566370614359171,
      "transform_matrix": [
        [
          0.02238636650145054,
          0.02204076573252678,
          -0.9995063543319702,
          -4.029139041900635
        ],
        [
          -0.9997494220733643,
          0.0004935362958349288,
          -0.022380923852324486,
          -0.0902203917503357
        ],
        [
          -5.820766785236131e-11,
          0.999756932258606,
          0.022046290338039398,
          0.08887144178152084
        ],
        [
          0.0,
          0.0,
          0.0,
          1.0
        ]
      ]
    }
  ]
}
