{
  "camera_angle_x": 0.6911112070083618,
  "frames": [
    {
      "file_path": "./train/r_6",
      "rotation": 0.012566370614359171,
      "transform_matrix": [
        [
          0.9937224388122559,
          -0.024321498349308968,
          0.10919810831546783,
          0.4401916563510895
        ],
        [
          0.11187387257814407,
          0.21603631973266602,
          -0.9699549078941345,
          -3.910013198852539
        ],
        [
          0.0,
          0.9760823249816895,
          0.21740107238292694,
          0.8763717412948608
        ],
        [
          0.0,
          0.0,
          0.0,
          1.0
        ]
      ]
    },
    {
      "file_path": "./train/r_13",
      "rotation": 0.012566370614359171,
      "transform_matrix": [
        [
          0.14200207591056824,
          -0.9866383075714111,
          0.07987617701292038,
          0.3219911754131317
        ],
        [
          0.9898663759231567,
          0.14153899252414703,
          -0.011458702385425568,
          -0.04619150608778
        ],
        [
          9.313225746154785e-10,
          0.08069393783807755,
          0.9967389106750488,
          4.0179829597473145
        ],
        [
          0.0,
          0.0,
          0.0,
          1.0
        ]
      ]
    },
    {
      "file_path": "./train/r_16",
      "rotation": 0.012566370614359171,
      "transform_matrix": [
        [
          0.027753591537475586,
          -0.1668950766324997,
          0.9855839610099792,
          3.9730160236358643
        ],
        [
          0.9996147751808167,
          0.004633722826838493,
          -0.027364036068320274,
          -0.1103079542517662
        ],
        [
          0.0,
          0.9859637022018433,
          0.16695940494537354,
          0.6730349063873291
        ],
        [
          0.0,
          0.0,
          0.0,
          1.0
        ]
      ]
    },
    {
      "file_path": "./train/r_20",
      "rotation": 0.012566370614359171,
      "transform_matrix": [
        [
          0.21695367991924286,
          -0.6544148325920105,
          0.7243427038192749,
          2.9199187755584717
        ],
        [
          0.9761818051338196,
          0.14544187486171722,
          -0.160983145236969,
          -0.6489438414573669
        ],
        [
          -7.4505792646561986e-09,
          0.742016077041626,
          0.6703820824623108,
          2.7023966312408447
        ],
        [
          0.0,
          0.0,
          0.0,
          1.0
        ]
      ]
    },
    {
      "file_path": "./train/r_24",
      "rotation": 0.012566370614359171,
      "transform_matrix": [
        [
          0.1831890046596527,
          -0.44644418358802795,
          0.8758592009544373,
          3.5307013988494873
        ],
        [
          0.9830777645111084,
          0.08319144695997238,
          -0.16320964694023132,
          -0.6579191088676453
        ],
        [
          0.0,
          0.8909358382225037,
          0.45412909984588623,
          1.8306529521942139
        ],
        [
          0.0,
          0.0,
          0.0,
          1.0
        ]
      ]
    },
    {
      "file_path": "./train/r_38",
      "rotation": 0.012566370614359171,
      "transform_matrix": [
        [
          -0.3250863254070282,
          0.8600032329559326,
          -0.39333611726760864,
          -1.5855886936187744
        ],
        [
          -0.9456844329833984,
          -0.2956327795982361,
          0.13521233201026917,
          0.5450584292411804
        ],
        [
          0.0,
          0.4159274697303772,
          0.9093976616859436,
          3.6658995151519775
        ],
        [
          0.0,
          0.0,
          0.0,
          1.0
        ]
      ]
    },
    {
      "file_path": "./train/r_39",
      "rotation": 0.012566370614359171,
      "transform_matrix": [
        [
          0.7421568036079407,
          0.21827276051044464,
          -0.6336879134178162,
          -2.5544774532318115
        ],
        [
          -0.6702263355255127,
          0.24169836938381195,
          -0.7016969919204712,
          -2.8286306858062744
        ],
        [
          -1.4901161193847656e-08,
          0.945483386516571,
          0.3256702423095703,
          1.3128185272216797
        ],
        [
          0.0,
          0.0,
          0.0,
          1.0
        ]
      ]
    },
    {
      "file_path": "./train/r_52",
      "rotation": 0.012566370614359171,
      "transform_matrix": [
        [
          -0.4369763135910034,
          -0.657843828201294,
          0.6134274005889893,
          2.4728050231933594
        ],
        [
          0.8994730114936829,
          -0.3195895552635193,
          0.29801145195961,
          1.2013225555419922
        ],
        [
          0.0,
          0.6819854378700256,
          0.7313657999038696,
          2.9482297897338867
        ],
        [
          0.0,
          0.0,
          0.0,
          1.0
        ]
      ]
    },
    {
      "file_path": "./train/r_61",
      "rotation": 0.012566370614359171,
      "transform_matrix": [
        [
          -0.9472300410270691,
          0.2866010069847107,
          -0.14357957243919373,
          -0.5787877440452576
        ],
        [
          -0.32055461406707764,
          -0.8468981385231018,
          0.42427366971969604,
          1.7103018760681152
        ],
        [
          -7.450581485102248e-09,
          0.44790971279144287,
          0.8940786719322205,
          3.6041464805603027
        ],
        [
          0.0,
          0.0,
          0.0,
          1.0
        ]
      ]
    },
    {
      "file_path": "./train/r_62",
      "rotation": 0.012566370614359171,
      "transform_matrix": [
        [
          0.9525361061096191,
          -0.22397510707378387,
          0.20618003606796265,
          0.8311383724212646
        ],
        [
          0.30442580580711365,
          0.700809121131897,
          -0.6451290249824524,
          -2.6005985736846924
        ],
        [
          -1.4901162970204496e-08,
          0.6772751808166504,
          0.7357296943664551,
          2.9658215045928955
        ],
        [
          0.0,
          0.0,
          0.0,
          1.0
        ]
      ]
    },
    {
      "file_path": "./train/r_81",
      "rotation": 0.012566370614359171,
      "transform_matrix": [
        [
          0.6689461469650269,
          0.11091631650924683,
          -0.734988808631897,
          -2.962834596633911
        ],
        [
          -0.743310809135437,
          0.09981966763734818,
          -0.6614567041397095,
          -2.666417360305786
        ],
        [
          0.0,
          0.988804042339325,
          0.14921928942203522,
          0.6015222072601318
        ],
        [
          0.0,
          0.0,
          0.0,
          1.0
        ]
      ]
    },
    {
      "file_path": "./train/r_88",
      "rotation": 0.012566370614359171,
      "transform_matrix": [
        [
          0.431619256734848,
          0.6347669363021851,
          -0.6409178972244263,
          -2.583622694015503
        ],
        [
          -0.9020559191703796,
          0.3037257790565491,
          -0.3066689074039459,
          -1.2362219095230103
        ],
        [
          0.0,
          0.7105079889297485,
          0.7036890983581543,
          2.8366615772247314
        ],
        [
          0.0,
          0.0,
          0.0,
          1.0
        ]
      ]
    }
  ]
}
