{
  "camera_angle_x": 0.6911112070083618,
  "frames": [
    {
      "file_path": "./train/r_2",
      "rotation": 0.012566370614359171,
      "transform_matrix": [
        [
          0.3260957896709442,
          0.14048941433429718,
          -0.934839129447937,
          -3.7684571743011475
        ],
        [
          -0.9453368186950684,
          0.04846210405230522,
          -0.3224746286869049,
          -1.2999367713928223
        ],
        [
          0.0,
          0.9888953566551208,
          0.1486130952835083,
          0.5990785360336304
        ],
        [
          0.0,
          0.0,
          0.0,
          1.0
        ]
      ]
    },
    {
      "file_path": "./train/r_36",
      "rotation": 0.012566370614359171,
      "transform_matrix": [
        [
          -0.9913942217826843,
          -0.13035331666469574,
          0.01206086203455925,
          0.04861889034509659
        ],
        [
          0.13091009855270386,
          -0.9871777296066284,
          0.09133801609277725,
          0.3681953251361847
        ],
        [
          9.313225746154785e-10,
          0.09213109314441681,
          0.995746910572052,
          4.013984203338623
        ],
        [
          0.0,
          0.0,
          0.0,
          1.0
        ]
      ]
    },
    {
      "file_path": "./train/r_50",
      "rotation": 0.012566370614359171,
      "transform_matrix": [
        [
          0.31597405672073364,
          -0.14568167924880981,
          0.9375165104866028,
          3.779249906539917
        ],
        [
          0.948767900466919,
          0.04851727932691574,
          -0.31222695112228394,
          -1.2586270570755005
        ],
        [
          -3.725290742551124e-09,
          0.9881411194801331,
          0.15354828536510468,
          0.6189729571342468
        ],
        [
          0.0,
          0.0,
          0.0,
          1.0
        ]
      ]
    }
  ]
}
