{
  "camera_angle_x": 0.6911112070083618,
  "frames": [
    {
      "file_path": "./train/r_2",
      "rotation": 0.012566370614359171,
      "transform_matrix": [
        [
          0.2843727171421051,
          -0.5036342144012451,
          0.8157724738121033,
          3.2884840965270996
        ],
        [
          0.9587140083312988,
          0.1493874490261078,
          -0.24197356402873993,
          -0.9754266142845154
        ],
        [
          0.0,
          0.8509030342102051,
          0.5253227353096008,
          2.1176435947418213
        ],
        [
          0.0,
          0.0,
          0.0,
          1.0
        ]
      ]
    },
    {
      "file_path": "./train/r_3",
      "rotation": 0.012566370614359171,
      "transform_matrix": [
        [
          0.9437206387519836,
          0.15886801481246948,
          -0.29009029269218445,
          -1.169391393661499
        ],
        [
          -0.3307437598705292,
          0.45330265164375305,
          -0.8277229070663452,
          -3.336657762527466
        ],
        [
          0.0,
          0.8770846724510193,
          0.48033568263053894,
          1.9362950325012207
        ],
        [
          0.0,
          0.0,
          0.0,
          1.0
        ]
      ]
    },
    {
      "file_path": "./train/r_5",
      "rotation": 0.012566370614359171,
      "transform_matrix": [
        [
          -0.9653125405311584,
          0.11990625411272049,
          -0.2319360226392746,
          -0.9349640011787415
        ],
        [
          -0.26109737157821655,
          -0.4433097243309021,
          0.8574990630149841,
          3.4566893577575684
        ],
        [
          7.450581485102248e-09,
          0.8883123993873596,
          0.4592396318912506,
          1.8512542247772217
        ],
        [
          0.0,
          0.0,
          0.0,
          1.0
        ]
      ]
    },
    {
      "file_path": "./train/r_8",
      "rotation": 0.012566370614359171,
      "transform_matrix": [
        [
          -0.8471452593803406,
          0.22033534944057465,
          -0.48352599143981934,
          -1.949155569076538
        ],
        [
          -0.5313615798950195,
          -0.35127878189086914,
          0.7708814144134521,
          3.107522487640381
        ],
        [
          0.0,
          0.9099755883216858,
          0.41466182470321655,
          1.6715552806854248
        ],
        [
          0.0,
          0.0,
          0.0,
          1.0
        ]
      ]
    },
    {
      "file_path": "./train/r_9",
      "rotation": 0.012566370614359171,
      "transform_matrix": [
        [
          -0.992890477180481,
          -0.06078677996993065,
          0.10234062373638153,
          0.4125482439994812
        ],
        [
          0.11903209984302521,
          -0.5070448517799377,
          0.8536608219146729,
          3.4412169456481934
        ],
        [
          -7.450581485102248e-09,
          0.8597734570503235,
          0.5106756091117859,
          2.0585992336273193
        ],
        [
          0.0,
          0.0,
          0.0,
          1.0
        ]
      ]
    },
    {
      "file_path": "./train/r_22",
      "rotation": 0.012566370614359171,
      "transform_matrix": [
        [
          0.9258859157562256,
          0.10255570709705353,
          -0.36361753940582275,
          -1.4657891988754272
        ],
        [
          -0.37780338525772095,
          0.25133413076400757,
          -0.8911204934120178,
          -3.59222149848938
        ],
        [
          7.450580596923828e-09,
          0.9624518156051636,
          0.2714526057243347,
          1.0942604541778564
        ],
        [
          0.0,
          0.0,
          0.0,
          1.0
        ]
      ]
    },
    {
      "file_path": "./train/r_28",
      "rotation": 0.012566370614359171,
      "transform_matrix": [
        [
          0.9192148447036743,
          0.2537553906440735,
          -0.3010854125022888,
          -1.2137141227722168
        ],
        [
          -0.393756628036499,
          0.5923855304718018,
          -0.7028763294219971,
          -2.8333852291107178
        ],
        [
          -1.4901162970204496e-08,
          0.7646486759185791,
          0.6444473266601562,
          2.5978503227233887
        ],
        [
          0.0,
          0.0,
          0.0,
          1.0
        ]
      ]
    },
    {
      "file_path": "./train/r_32",
      "rotation": 0.012566370614359171,
      "transform_matrix": [
        [
          -0.18280649185180664,
          -0.12908056378364563,
          0.9746382832527161,
          3.9288928508758545
        ],
        [
          0.983148992061615,
          -0.024001212790608406,
          0.1812240183353424,
          0.730537474155426
        ],
        [
          1.862645371275562e-09,
          0.99134361743927,
          0.13129298388957977,
          0.5292590260505676
        ],
        [
          0.0,
          0.0,
          0.0,
          1.0
        ]
      ]
    },
    {
      "file_path": "./train/r_37",
      "rotation": 0.012566370614359171,
      "transform_matrix": [
        [
          -0.9715125560760498,
          0.15097570419311523,
          -0.18267422914505005,
          -0.7363833785057068
        ],
        [
          -0.23698849976062775,
          -0.6189110279083252,
          0.7488561868667603,
          3.018735885620117
        ],
        [
          -7.450581485102248e-09,
          0.770814836025238,
          0.6370592713356018,
          2.568068027496338
        ],
        [
          0.0,
          0.0,
          0.0,
          1.0
        ]
      ]
    },
    {
      "file_path": "./train/r_38",
      "rotation": 0.012566370614359171,
      "transform_matrix": [
        [
          0.07991347461938858,
          0.8076289892196655,
          -0.5842511057853699,
          -2.355191469192505
        ],
        [
          -0.9968018531799316,
          0.06474751234054565,
          -0.046839334070682526,
          -0.1888154000043869
        ],
        [
          3.725290298461914e-09,
          0.5861256122589111,
          0.8102201819419861,
          3.2661020755767822
        ],
        [
          0.0,
          0.0,
          0.0,
          1.0
        ]
      ]
    },
    {
      "file_path": "./train/r_40",
      "rotation": 0.012566370614359171,
      "transform_matrix": [
        [
          0.8136462569236755,
          0.07885117828845978,
          -0.575988233089447,
          -2.321882486343384
        ],
        [
          -0.581360399723053,
          0.11035660654306412,
          -0.8061275482177734,
          -3.249603748321533
        ],
        [
          0.0,
          0.9907592535018921,
          0.13563218712806702,
          0.5467507839202881
        ],
        [
          0.0,
          0.0,
          0.0,
          1.0
        ]
      ]
    },
    {
      "file_path": "./train/r_42",
      "rotation": 0.012566370614359171,
      "transform_matrix": [
        [
          -0.7611533403396606,
          -0.09790822118520737,
          0.6411393284797668,
          2.584515333175659
        ],
        [
          0.6485720276832581,
          -0.11490345001220703,
          0.7524303793907166,
          3.033143997192383
        ],
        [
          0.0,
          0.9885398745536804,
          0.15095967054367065,
          0.6085379123687744
        ],
        [
          0.0,
          0.0,
          0.0,
          1.0
        ]
      ]
    },
    {
      "file_path": "./train/r_43",
      "rotation": 0.012566370614359171,
      "transform_matrix": [
        [
          0.9982714653015137,
          0.046119872480630875,
          -0.036427874118089676,
          -0.14684545993804932
        ],
        [
          -0.05877101421356201,
          0.7833818793296814,
          -0.6187558174133301,
          -2.4942843914031982
        ],
        [
          -1.8626449271863521e-09,
          0.619827151298523,
          0.784738302230835,
          3.163381338119507
        ],
        [
          0.0,
          0.0,
          0.0,
          1.0
        ]
      ]
    },
    {
      "file_path": "./train/r_44",
      "rotation": 0.012566370614359171,
      "transform_matrix": [
        [
          -0.30280399322509766,
          -0.6813005805015564,
          0.6664376854896545,
          2.6864962577819824
        ],
        [
          0.9530528783798218,
          -0.21646283566951752,
          0.21174059808254242,
          0.8535536527633667
        ],
        [
          0.0,
          0.6992661952972412,
          0.7148613333702087,
          2.8816981315612793
        ],
        [
          0.0,
          0.0,
          0.0,
          1.0
        ]
      ]
    },
    {
      "file_path": "./train/r_52",
      "rotation": 0.012566370614359171,
      "transform_matrix": [
        [
          0.9985275268554688,
          -0.03400993347167969,
          0.04226432740688324,
          0.17037294805049896
        ],
        [
          0.05424896255135536,
          0.626000165939331,
          -0.777933657169342,
          -3.135950803756714
        ],
        [
          -3.725290742551124e-09,
          0.779080867767334,
          0.6269233822822571,
          2.5272090435028076
        ],
        [
          0.0,
          0.0,
          0.0,
          1.0
        ]
      ]
    },
    {
      "file_path": "./train/r_62",
      "rotation": 0.012566370614359171,
      "transform_matrix": [
        [
          -0.8988327383995056,
          -0.31525999307632446,
          0.30448469519615173,
          1.2274171113967896
        ],
        [
          0.4382919669151306,
          -0.6465234160423279,
          0.6244258284568787,
          2.517141103744507
        ],
        [
          0.0,
          0.6947075128555298,
          0.7192922830581665,
          2.89955997467041
        ],
        [
          0.0,
          0.0,
          0.0,
          1.0
        ]
      ]
    },
    {
      "file_path": "./train/r_63",
      "rotation": 0.012566370614359171,
      "transform_matrix": [
        [
          -0.013643871061503887,
          0.3185751140117645,
          -0.9477993845939636,
          -3.8207015991210938
        ],
        [
          -0.9999069571495056,
          -0.004347001668065786,
          0.012932855635881424,
          0.05213400721549988
        ],
        [
          4.656613428188905e-10,
          0.9478875398635864,
          0.31860479712486267,
          1.284337043762207
        ],
        [
          0.0,
          0.0,
          0.0,
          1.0
        ]
      ]
    },
    {
      "file_path": "./train/r_75",
      "rotation": 0.012566370614359171,
      "transform_matrix": [
        [
          0.8115462064743042,
          -0.2389855533838272,
          0.53317791223526,
          2.149308919906616
        ],
        [
          0.5842882990837097,
          0.33193856477737427,
          -0.740556538105011,
          -2.985278844833374
        ],
        [
          0.0,
          0.912525475025177,
          0.40901991724967957,
          1.6488120555877686
        ],
        [
          0.0,
          0.0,
          0.0,
          1.0
        ]
      ]
    },
    {
      "file_path": "./train/r_81",
      "rotation": 0.012566370614359171,
      "transform_matrix": [
        [
          0.5053350925445557,
          0.8444459438323975,
          -0.1776162087917328,
          -0.7159937620162964
        ],
        [
          -0.862923264503479,
          0.4945146143436432,
          -0.10401355475187302,
          -0.41929200291633606
        ],
        [
          -7.450581485102248e-09,
          0.20583079755306244,
          0.9785876870155334,
          3.944812774658203
        ],
        [
          0.0,
          0.0,
          0.0,
          1.0
        ]
      ]
    },
    {
      "file_path": "./train/r_84",
      "rotation": 0.012566370614359171,
      "transform_matrix": [
        [
          0.9947254061698914,
          -0.07288516312837601,
          0.07217524200677872,
          0.29094767570495605
        ],
        [
          0.1025744378566742,
          0.7068108916282654,
          -0.6999263167381287,
          -2.821492910385132
        ],
        [
          0.0,
          0.7036377191543579,
          0.7105589509010315,
          2.8643546104431152
        ],
        [
          0.0,
          0.0,
          0.0,
          1.0
        ]
      ]
    },
    {
      "file_path": "./train/r_90",
      "rotation": 0.012566370614359171,
      "transform_matrix": [
        [
          0.11676838248968124,
          -0.8954740166664124,
          0.42952466011047363,
          1.7314692735671997
        ],
        [
          0.9931591749191284,
          0.10528327524662018,
          -0.05050035938620567,
          -0.20357346534729004
        ],
        [
          -3.725290298461914e-09,
          0.4324833154678345,
          0.9016419649124146,
          3.6346349716186523
        ],
        [
          0.0,
          0.0,
          0.0,
          1.0
        ]
      ]
    },
    {
      "file_path": "./train/r_92",
      "rotation": 0.012566370614359171,
      "transform_matrix": [
        [
          -0.8453595638275146,
          -0.4741518497467041,
          0.24606351554393768,
          0.9919137358665466
        ],
        [
          0.5341977477073669,
          -0.7503378987312317,
          0.3893916606903076,
          1.5696879625320435
        ],
        [
          0.0,
          0.46062248945236206,
          0.8875961303710938,
          3.578014373779297
        ],
        [
          0.0,
          0.0,
          0.0,
          1.0
        ]
      ]
    },
    {
      "file_path": "./train/r_94",
      "rotation": 0.012566370614359171,
      "transform_matrix": [
        [
          -0.7176306843757629,
          0.23795494437217712,
          -0.6545102000236511,
          -2.6384150981903076
        ],
        [
          -0.6964238882064819,
          -0.24520091712474823,
          0.6744407415390015,
          2.7187576293945312
        ],
        [
          0.0,
          0.939815878868103,
          0.34168118238449097,
          1.3773609399795532
        ],
        [
          0.0,
          0.0,
          0.0,
          1.0
        ]
      ]
    },
    {
      "file_path": "./train/r_96",
      "rotation": 0.012566370614359171,
      "transform_matrix": [
        [
          -0.6364544630050659,
          -0.27146193385124207,
          0.7219653725624084,
          2.9103357791900635
        ],
        [
          0.7713143229484558,
          -0.22399839758872986,
          0.5957339406013489,
          2.4014806747436523
        ],
        [
          0.0,
          0.936019778251648,
          0.35194724798202515,
          1.4187448024749756
        ],
        [
          0.0,
          0.0,
          0.0,
          1.0
        ]
      ]
    }
  ]
}
