{
  "camera_angle_x": 0.6911112070083618,
  "frames": [
    {
      "file_path": "./train/r_48",
      "rotation": 0.012566370614359171,
      "transform_matrix": [
        [
          0.9999156594276428,
          -0.012454097159206867,
          0.003698349464684725,
          0.014908524230122566
        ],
        [
          0.012991628609597683,
          0.9585440158843994,
          -0.28464773297309875,
          -1.1474518775939941
        ],
        [
          0.0,
          0.2846718430519104,
          0.9586249589920044,
          3.8643410205841064
        ],
        [
          0.0,
          0.0,
          0.0,
          1.0
        ]
      ]
    },
    {
      "file_path": "./train/r_69",
      "rotation": 0.012566370614359171,
      "transform_matrix": [
        [
          0.23253430426120758,
          0.1524328589439392,
          -0.9605684876441956,
          -3.872175693511963
        ],
        [
          -0.9725881814956665,
          0.03644489124417305,
          -0.2296605408191681,
          -0.925791323184967
        ],
        [
          0.0,
          0.9876416325569153,
          0.1567290723323822,
          0.6317951679229736
        ],
        [
          0.0,
          0.0,
          0.0,
          1.0
        ]
      ]
    },
    {
      "file_path": "./train/r_70",
      "rotation": 0.012566370614359171,
      "transform_matrix": [
        [
          0.9624335765838623,
          -0.0828590914607048,
          0.2585652470588684,
          1.0423099994659424
        ],
        [
          0.271517276763916,
          0.29370641708374023,
          -0.9165232181549072,
          -3.6946234703063965
        ],
        [
          7.450580596923828e-09,
          0.9522977471351624,
          0.30517053604125977,
          1.2301819324493408
        ],
        [
          0.0,
          0.0,
          0.0,
          1.0
        ]
      ]
    },
    {
      "file_path": "./train/r_81",
      "rotation": 0.012566370614359171,
      "transform_matrix": [
        [
          -0.8941853642463684,
          0.14062994718551636,
          -0.4250360429286957,
          -1.7133750915527344
        ],
        [
          -0.4476967751979828,
          -0.2808804214000702,
          0.8489250540733337,
          3.422126293182373
        ],
        [
          -1.4901160305669237e-08,
          0.9493837356567383,
          0.31411871314048767,
          1.2662529945373535
        ],
        [
          0.0,
          0.0,
          0.0,
          1.0
        ]
      ]
    },
    {
      "file_path": "./train/r_89",
      "rotation": 0.012566370614359171,
      "transform_matrix": [
        [
          0.9958323836326599,
          0.01890719123184681,
          -0.08922122418880463,
          -0.359662264585495
        ],
        [
          -0.09120257198810577,
          0.2064458727836609,
          -0.9741982221603394,
          -3.9271185398101807
        ],
        [
          1.862645149230957e-09,
          0.9782753586769104,
          0.20730985701084137,
          0.8356927633285522
        ],
        [
          0.0,
          0.0,
          0.0,
          1.0
        ]
      ]
    },
    {
      "file_path": "./train/r_95",
      "rotation": 0.012566370614359171,
      "transform_matrix": [
        [
          0.4534713923931122,
          -0.11268524080514908,
          0.8841186165809631,
          3.5639960765838623
        ],
        [
          0.8912708163261414,
          0.057333339005708694,
          -0.44983240962028503,
          -1.813332438468933
        ],
        [
          0.0,
          0.9919751882553101,
          0.12643210589885712,
          0.5096641182899475
        ],
        [
          0.0,
          0.0,
          0.0,
          1.0
        ]
      ]
    }
  ]
}
