{
  "camera_angle_x": 0.6194058656692505,
  "frames": [
    {
      "file_path": "./train/r_7",
      "rotation": 0.012566370614359171,
      "transform_matrix": [
        [
          -0.793992280960083,
          0.014652137644588947,
          0.607751190662384,
          2.4499237537384033
        ],
        [
          0.6079278588294983,
          0.019136618822813034,
          0.7937615513801575,
          3.1997554302215576
        ],
        [
          0.0,
          0.9997095465660095,
          -0.02410176768898964,
          -0.09715734422206879
        ],
        [
          0.0,
          0.0,
          0.0,
          1.0
        ]
      ]
    },
    {
      "file_path": "./train/r_11",
      "rotation": 0.012566370614359171,
      "transform_matrix": [
        [
          0.5816230773925781,
          -0.5793254971504211,
          0.5710486173629761,
          2.3019707202911377
        ],
        [
          0.8134583830833435,
          0.4142179489135742,
          -0.40829998254776,
          -1.6459099054336548
        ],
        [
          0.0,
          0.7020009756088257,
          0.7121759057044983,
          2.870872974395752
        ],
        [
          0.0,
          0.0,
          0.0,
          1.0
        ]
      ]
    },
    {
      "file_path": "./train/r_14",
      "rotation": 0.012566370614359171,
      "transform_matrix": [
        [
          -0.9997804760932922,
          -0.004428272135555744,
          -0.02048291452229023,
          -0.08256927132606506
        ],
        [
          -0.0209561325609684,
          0.21126513183116913,
          0.9772040843963623,
          3.9392356872558594
        ],
        [
          0.0,
          0.9774187803268433,
          -0.21131151914596558,
          -0.8518239855766296
        ],
        [
          0.0,
          0.0,
          0.0,
          1.0
        ]
      ]
    },
    {
      "file_path": "./train/r_16",
      "rotation": 0.012566370614359171,
      "transform_matrix": [
        [
          0.6201189160346985,
          0.13934694230556488,
          -0.7720329761505127,
          -3.1121644973754883
        ],
        [
          -0.7845078110694885,
          0.1101476401090622,
          -0.610258162021637,
          -2.460029363632202
        ],
        [
          0.0,
          0.984098494052887,
          0.17762340605258942,
          0.7160228490829468
        ],
        [
          0.0,
          0.0,
          0.0,
          1.0
        ]
      ]
    },
    {
      "file_path": "./train/r_17",
      "rotation": 0.012566370614359171,
      "transform_matrix": [
        [
          -0.6989414691925049,
          -0.5353379845619202,
          -0.474230021238327,
          -1.9116824865341187
        ],
        [
          -0.7151789665222168,
          0.5231835842132568,
          0.46346303820610046,
          1.8682793378829956
        ],
        [
          -1.4901161193847656e-08,
          0.6630927920341492,
          -0.7485370635986328,
          -3.0174496173858643
        ],
        [
          0.0,
          0.0,
          0.0,
          1.0
        ]
      ]
    },
    {
      "file_path": "./train/r_19",
      "rotation": 0.012566370614359171,
      "transform_matrix": [
        [
          0.6995679140090942,
          0.6616824865341187,
          -0.26977941393852234,
          -1.0875155925750732
        ],
        [
          -0.7145661115646362,
          0.6477943062782288,
          -0.26411697268486023,
          -1.0646895170211792
        ],
        [
          -1.4901161193847656e-08,
          0.3775428533554077,
          0.9259920716285706,
          3.7327933311462402
        ],
        [
          0.0,
          0.0,
          0.0,
          1.0
        ]
      ]
    },
    {
      "file_path": "./train/r_24",
      "rotation": 0.012566370614359171,
      "transform_matrix": [
        [
          0.8852394819259644,
          0.03766770660877228,
          0.4636079668998718,
          1.8688634634017944
        ],
        [
          0.46513575315475464,
          -0.07168862223625183,
          -0.8823318481445312,
          -3.556793451309204
        ],
        [
          0.0,
          0.9967155456542969,
          -0.08098217844963074,
          -0.32644960284233093
        ],
        [
          0.0,
          0.0,
          0.0,
          1.0
        ]
      ]
    },
    {
      "file_path": "./train/r_25",
      "rotation": 0.012566370614359171,
      "transform_matrix": [
        [
          0.8324961066246033,
          0.5328204035758972,
          0.15183067321777344,
          0.6120491027832031
        ],
        [
          0.5540308952331543,
          -0.8006249070167542,
          -0.2281433343887329,
          -0.9196752309799194
        ],
        [
          -7.450580596923828e-09,
          0.2740474045276642,
          -0.9617161154747009,
          -3.8768019676208496
        ],
        [
          0.0,
          0.0,
          0.0,
          1.0
        ]
      ]
    },
    {
      "file_path": "./train/r_34",
      "rotation": 0.012566370614359171,
      "transform_matrix": [
        [
          0.7290180325508118,
          0.5658777952194214,
          -0.3851167559623718,
          -1.5524554252624512
        ],
        [
          -0.6844944357872009,
          0.6026858687400818,
          -0.41016706824302673,
          -1.6534364223480225
        ],
        [
          0.0,
          0.5626294612884521,
          0.8267090320587158,
          3.332571029663086
        ],
        [
          0.0,
          0.0,
          0.0,
          1.0
        ]
      ]
    },
    {
      "file_path": "./train/r_40",
      "rotation": 0.012566370614359171,
      "transform_matrix": [
        [
          0.49102404713630676,
          -0.04675722494721413,
          -0.8698902130126953,
          -3.5066397190093994
        ],
        [
          -0.8711459636688232,
          -0.026354853063821793,
          -0.4903162717819214,
          -1.9765281677246094
        ],
        [
          -1.862645149230957e-09,
          0.998558521270752,
          -0.05367323011159897,
          -0.21636371314525604
        ],
        [
          0.0,
          0.0,
          0.0,
          1.0
        ]
      ]
    },
    {
      "file_path": "./train/r_41",
      "rotation": 0.012566370614359171,
      "transform_matrix": [
        [
          0.05534284561872482,
          0.1503266841173172,
          -0.9870861768722534,
          -3.979071617126465
        ],
        [
          -0.9984673857688904,
          0.008332276716828346,
          -0.05471200868487358,
          -0.22055116295814514
        ],
        [
          9.313225191043273e-10,
          0.9886012077331543,
          0.15055745840072632,
          0.6069165468215942
        ],
        [
          0.0,
          0.0,
          0.0,
          1.0
        ]
      ]
    },
    {
      "file_path": "./train/r_44",
      "rotation": 0.012566370614359171,
      "transform_matrix": [
        [
          0.7826917767524719,
          0.255619078874588,
          0.567496657371521,
          2.2876522541046143
        ],
        [
          0.6224095225334167,
          -0.3214458227157593,
          -0.7136378288269043,
          -2.8767662048339844
        ],
        [
          -1.4901161193847656e-08,
          0.9117738604545593,
          -0.4106926918029785,
          -1.655555248260498
        ],
        [
          0.0,
          0.0,
          0.0,
          1.0
        ]
      ]
    },
    {
      "file_path": "./train/r_54",
      "rotation": 0.012566370614359171,
      "transform_matrix": [
        [
          0.0793725773692131,
          -0.6720527410507202,
          -0.7362371683120728,
          -2.967866897583008
        ],
        [
          -0.996845006942749,
          -0.05351138487458229,
          -0.05862199515104294,
          -0.23631282150745392
        ],
        [
          3.7252898543727042e-09,
          0.7385672926902771,
          -0.67417973279953,
          -2.717705488204956
        ],
        [
          0.0,
          0.0,
          0.0,
          1.0
        ]
      ]
    },
    {
      "file_path": "./train/r_59",
      "rotation": 0.012566370614359171,
      "transform_matrix": [
        [
          -0.9082823991775513,
          0.24463938176631927,
          0.3393738865852356,
          1.3680598735809326
        ],
        [
          0.4183574914932251,
          0.5311285853385925,
          0.7368035316467285,
          2.9701499938964844
        ],
        [
          0.0,
          0.811205267906189,
          -0.5847615003585815,
          -2.3572490215301514
        ],
        [
          0.0,
          0.0,
          0.0,
          1.0
        ]
      ]
    },
    {
      "file_path": "./train/r_63",
      "rotation": 0.012566370614359171,
      "transform_matrix": [
        [
          0.9985111951828003,
          0.02504359558224678,
          -0.048459120094776154,
          -0.1953449547290802
        ],
        [
          -0.05454785376787186,
          0.45842882990837097,
          -0.887055516242981,
          -3.5758349895477295
        ],
        [
          -1.862645149230957e-09,
          0.8883781433105469,
          0.45911240577697754,
          1.8507411479949951
        ],
        [
          0.0,
          0.0,
          0.0,
          1.0
        ]
      ]
    },
    {
      "file_path": "./train/r_64",
      "rotation": 0.012566370614359171,
      "transform_matrix": [
        [
          0.48043403029441833,
          -0.382137268781662,
          0.789401113986969,
          3.182178020477295
        ],
        [
          0.8770307898521423,
          0.20933328568935394,
          -0.43243080377578735,
          -1.7431844472885132
        ],
        [
          -1.4901160305669237e-08,
          0.9000837802886963,
          0.4357169270515442,
          1.756431221961975
        ],
        [
          0.0,
          0.0,
          0.0,
          1.0
        ]
      ]
    },
    {
      "file_path": "./train/r_71",
      "rotation": 0.012566370614359171,
      "transform_matrix": [
        [
          0.05457691103219986,
          -0.053736280649900436,
          0.9970625042915344,
          4.019288063049316
        ],
        [
          0.9985095858573914,
          0.0029371376149356365,
          -0.05449781194329262,
          -0.21968773007392883
        ],
        [
          -2.3283067140944524e-10,
          0.9985508322715759,
          0.05381648615002632,
          0.2169412225484848
        ],
        [
          0.0,
          0.0,
          0.0,
          1.0
        ]
      ]
    },
    {
      "file_path": "./train/r_79",
      "rotation": 0.012566370614359171,
      "transform_matrix": [
        [
          0.9308264851570129,
          -0.2903623580932617,
          0.22192752361297607,
          0.8946185111999512
        ],
        [
          0.365461528301239,
          0.7395497560501099,
          -0.5652469396591187,
          -2.278583526611328
        ],
        [
          0.0,
          0.6072527170181274,
          0.7945086359977722,
          3.2027668952941895
        ],
        [
          0.0,
          0.0,
          0.0,
          1.0
        ]
      ]
    },
    {
      "file_path": "./train/r_80",
      "rotation": 0.012566370614359171,
      "transform_matrix": [
        [
          0.2227735072374344,
          -0.6545482277870178,
          0.7224531173706055,
          2.912301778793335
        ],
        [
          0.9748703241348267,
          0.14957475662231445,
          -0.1650921106338501,
          -0.6655076146125793
        ],
        [
          0.0,
          0.7410762310028076,
          0.6714208126068115,
          2.7065839767456055
        ],
        [
          0.0,
          0.0,
          0.0,
          1.0
        ]
      ]
    },
    {
      "file_path": "./train/r_82",
      "rotation": 0.012566370614359171,
      "transform_matrix": [
        [
          0.8795207142829895,
          0.01997285522520542,
          -0.4754413664340973,
          -1.9165654182434082
        ],
        [
          -0.47586071491241455,
          0.03691529482603073,
          -0.8787456154823303,
          -3.542336940765381
        ],
        [
          0.0,
          0.9991188049316406,
          0.04197205975651741,
          0.1691947877407074
        ],
        [
          0.0,
          0.0,
          0.0,
          1.0
        ]
      ]
    },
    {
      "file_path": "./train/r_85",
      "rotation": 0.012566370614359171,
      "transform_matrix": [
        [
          -0.20111216604709625,
          0.6232948899269104,
          -0.7556833624839783,
          -3.046257257461548
        ],
        [
          -0.9795681834220886,
          -0.1279667764902115,
          0.15514706075191498,
          0.6254178881645203
        ],
        [
          7.450580152834618e-09,
          0.7714454531669617,
          0.6362954378128052,
          2.5649890899658203
        ],
        [
          0.0,
          0.0,
          0.0,
          1.0
        ]
      ]
    },
    {
      "file_path": "./train/r_88",
      "rotation": 0.012566370614359171,
      "transform_matrix": [
        [
          0.3159625232219696,
          0.6561641693115234,
          0.6852855682373047,
          2.762474536895752
        ],
        [
          0.9487717747688293,
          -0.21851757168769836,
          -0.22821564972400665,
          -0.9199666976928711
        ],
        [
          0.0,
          0.7222870588302612,
          -0.69159334897995,
          -2.7879018783569336
        ],
        [
          0.0,
          0.0,
          0.0,
          1.0
        ]
      ]
    },
    {
      "file_path": "./train/r_91",
      "rotation": 0.012566370614359171,
      "transform_matrix": [
        [
          0.2000775784254074,
          0.42202070355415344,
          0.8842326402664185,
          3.56445574760437
        ],
        [
          0.9797800779342651,
          -0.08617942035198212,
          -0.18056614696979523,
          -0.7278854250907898
        ],
        [
          0.0,
          0.9024807810783386,
          -0.43073010444641113,
          -1.7363286018371582
        ],
        [
          0.0,
          0.0,
          0.0,
          1.0
        ]
      ]
    },
    {
      "file_path": "./train/r_93",
      "rotation": 0.012566370614359171,
      "transform_matrix": [
        [
          0.6210367679595947,
          -0.18304429948329926,
          -0.7621076703071594,
          -3.0721542835235596
        ],
        [
          -0.7837814688682556,
          -0.14503690600395203,
          -0.6038632988929749,
          -2.434250831604004
        ],
        [
          -7.450580596923828e-09,
          0.9723471999168396,
          -0.23353996872901917,
          -0.9414297342300415
        ],
        [
          0.0,
          0.0,
          0.0,
          1.0
        ]
      ]
    }
  ]
}
