{
  "camera_angle_x": 0.6911112070083618,
  "frames": [
    {
      "file_path": "./train/r_7",
      "rotation": 0.012566370614359171,
      "transform_matrix": [
        [
          0.9045065641403198,
          0.42524266242980957,
          -0.03219788148999214,
          -0.12979382276535034
        ],
        [
          -0.426459938287735,
          0.9019248485565186,
          -0.0682905837893486,
          -0.2752881646156311
        ],
        [
          0.0,
          0.07550014555454254,
          0.9971457123756409,
          4.019623279571533
        ],
        [
          0.0,
          0.0,
          0.0,
          1.0
        ]
      ]
    },
    {
      "file_path": "./train/r_21",
      "rotation": 0.012566370614359171,
      "transform_matrix": [
        [
          0.9048085808753967,
          0.3769117295742035,
          -0.19813843071460724,
          -0.7987216114997864
        ],
        [
          -0.4258183538913727,
          0.8008883595466614,
          -0.4210183620452881,
          -1.6971794366836548
        ],
        [
          0.0,
          0.4653121531009674,
          0.8851466178894043,
          3.5681405067443848
        ],
        [
          0.0,
          0.0,
          0.0,
          1.0
        ]
      ]
    },
    {
      "file_path": "./train/r_28",
      "rotation": 0.012566370614359171,
      "transform_matrix": [
        [
          0.7852338552474976,
          -0.33010709285736084,
          0.5238673686981201,
          2.111776828765869
        ],
        [
          0.619199275970459,
          0.4186233878135681,
          -0.6643393039703369,
          -2.678037405014038
        ],
        [
          -1.4901161193847656e-08,
          0.8460399508476257,
          0.5331193804740906,
          2.1490728855133057
        ],
        [
          0.0,
          0.0,
          0.0,
          1.0
        ]
      ]
    },
    {
      "file_path": "./train/r_30",
      "rotation": 0.012566370614359171,
      "transform_matrix": [
        [
          -0.28673890233039856,
          -0.8562213182449341,
          0.42972761392593384,
          1.7322875261306763
        ],
        [
          0.9580087661743164,
          -0.25627318024635315,
          0.12862055003643036,
          0.5184860825538635
        ],
        [
          0.0,
          0.44856342673301697,
          0.8937509655952454,
          3.60282564163208
        ],
        [
          0.0,
          0.0,
          0.0,
          1.0
        ]
      ]
    },
    {
      "file_path": "./train/r_34",
      "rotation": 0.012566370614359171,
      "transform_matrix": [
        [
          -0.7566120028495789,
          0.34157976508140564,
          -0.5575495362281799,
          -2.247554063796997
        ],
        [
          -0.6538640856742859,
          -0.39525550603866577,
          0.6451627016067505,
          2.600733995437622
        ],
        [
          0.0,
          0.8526995182037354,
          0.5224018096923828,
          2.1058690547943115
        ],
        [
          0.0,
          0.0,
          0.0,
          1.0
        ]
      ]
    },
    {
      "file_path": "./train/r_40",
      "rotation": 0.012566370614359171,
      "transform_matrix": [
        [
          -0.4379815459251404,
          0.34720176458358765,
          -0.8292304277420044,
          -3.3427348136901855
        ],
        [
          -0.8989839553833008,
          -0.16915537416934967,
          0.40399786829948425,
          1.6285674571990967
        ],
        [
          -1.4901161193847656e-08,
          0.922408401966095,
          0.3862157464027405,
          1.5568854808807373
        ],
        [
          0.0,
          0.0,
          0.0,
          1.0
        ]
      ]
    },
    {
      "file_path": "./train/r_44",
      "rotation": 0.012566370614359171,
      "transform_matrix": [
        [
          0.49585968255996704,
          0.7388697266578674,
          -0.45628345012664795,
          -1.8393374681472778
        ],
        [
          -0.8684027194976807,
          0.4218961298465729,
          -0.260538786649704,
          -1.0502654314041138
        ],
        [
          0.0,
          0.5254284143447876,
          0.850837767124176,
          3.4298367500305176
        ],
        [
          0.0,
          0.0,
          0.0,
          1.0
        ]
      ]
    },
    {
      "file_path": "./train/r_47",
      "rotation": 0.012566370614359171,
      "transform_matrix": [
        [
          -0.9168165326118469,
          -0.3853738605976105,
          0.1045677587389946,
          0.42152610421180725
        ],
        [
          0.3993086814880371,
          -0.8848220705986023,
          0.2400885820388794,
          0.9678280353546143
        ],
        [
          -7.450580596923828e-09,
          0.26187196373939514,
          0.9651026129722595,
          3.8904531002044678
        ],
        [
          0.0,
          0.0,
          0.0,
          1.0
        ]
      ]
    },
    {
      "file_path": "./train/r_69",
      "rotation": 0.012566370614359171,
      "transform_matrix": [
        [
          0.23253430426120758,
          0.1524328589439392,
          -0.9605684876441956,
          -3.872175693511963
        ],
        [
          -0.9725881814956665,
          0.03644489124417305,
          -0.2296605408191681,
          -0.925791323184967
        ],
        [
          0.0,
          0.9876416325569153,
          0.1567290723323822,
          0.6317951679229736
        ],
        [
          0.0,
          0.0,
          0.0,
          1.0
        ]
      ]
    },
    {
      "file_path": "./train/r_74",
      "rotation": 0.012566370614359171,
      "transform_matrix": [
        [
          -0.7232142090797424,
          -0.2793499827384949,
          0.6316049695014954,
          2.546081066131592
        ],
        [
          0.6906238794326782,
          -0.29253241419792175,
          0.6614102125167847,
          2.666229724884033
        ],
        [
          -1.4901161193847656e-08,
          0.9145427346229553,
          0.4044893682003021,
          1.6305487155914307
        ],
        [
          0.0,
          0.0,
          0.0,
          1.0
        ]
      ]
    },
    {
      "file_path": "./train/r_95",
      "rotation": 0.012566370614359171,
      "transform_matrix": [
        [
          0.4534713923931122,
          -0.11268524080514908,
          0.8841186165809631,
          3.5639960765838623
        ],
        [
          0.8912708163261414,
          0.057333339005708694,
          -0.44983240962028503,
          -1.813332438468933
        ],
        [
          0.0,
          0.9919751882553101,
          0.12643210589885712,
          0.5096641182899475
        ],
        [
          0.0,
          0.0,
          0.0,
          1.0
        ]
      ]
    },
    {
      "file_path": "./train/r_96",
      "rotation": 0.012566370614359171,
      "transform_matrix": [
        [
          -0.5146697163581848,
          0.42225345969200134,
          -0.746201753616333,
          -3.008035659790039
        ],
        [
          -0.8573886156082153,
          -0.2534685730934143,
          0.44792693853378296,
          1.805651307106018
        ],
        [
          0.0,
          0.8703193664550781,
          0.4924877882003784,
          1.9852819442749023
        ],
        [
          0.0,
          0.0,
          0.0,
          1.0
        ]
      ]
    }
  ]
}
