{
  "camera_angle_x": 0.6194058656692505,
  "frames": [
    {
      "file_path": "./train/r_48",
      "rotation": 0.012566370614359171,
      "transform_matrix": [
        [
          0.9999156594276428,
          -0.012454096227884293,
          0.003698349231854081,
          0.014908524230122566
        ],
        [
          0.012991628609597683,
          0.9585439562797546,
          -0.28464773297309875,
          -1.1474518775939941
        ],
        [
          0.0,
          0.2846718430519104,
          0.9586248993873596,
          3.8643410205841064
        ],
        [
          0.0,
          0.0,
          0.0,
          1.0
        ]
      ]
    },
    {
      "file_path": "./train/r_69",
      "rotation": 0.012566370614359171,
      "transform_matrix": [
        [
          0.23253430426120758,
          0.1524328589439392,
          -0.9605684280395508,
          -3.872175693511963
        ],
        [
          -0.9725881814956665,
          0.03644489124417305,
          -0.2296605259180069,
          -0.925791323184967
        ],
        [
          0.0,
          0.9876416325569153,
          0.1567290723323822,
          0.6317951679229736
        ],
        [
          0.0,
          0.0,
          0.0,
          1.0
        ]
      ]
    },
    {
      "file_path": "./train/r_70",
      "rotation": 0.012566370614359171,
      "transform_matrix": [
        [
          0.9624335765838623,
          -0.0828590914607048,
          0.2585652470588684,
          1.0423099994659424
        ],
        [
          0.271517276763916,
          0.29370641708374023,
          -0.9165231585502625,
          -3.6946234703063965
        ],
        [
          7.450580596923828e-09,
          0.9522977471351624,
          0.30517053604125977,
          1.2301819324493408
        ],
        [
          0.0,
          0.0,
          0.0,
          1.0
        ]
      ]
    },
    {
      "file_path": "./train/r_81",
      "rotation": 0.012566370614359171,
      "transform_matrix": [
        [
          -0.8941853046417236,
          0.14062994718551636,
          -0.4250359833240509,
          -1.7133750915527344
        ],
        [
          -0.4476967453956604,
          -0.2808804214000702,
          0.8489249348640442,
          3.422126293182373
        ],
        [
          -1.4901159417490817e-08,
          0.9493837356567383,
          0.3141186833381653,
          1.2662529945373535
        ],
        [
          0.0,
          0.0,
          0.0,
          1.0
        ]
      ]
    },
    {
      "file_path": "./train/r_89",
      "rotation": 0.012566370614359171,
      "transform_matrix": [
        [
          0.9958323836326599,
          0.01890719123184681,
          -0.08922121673822403,
          -0.359662264585495
        ],
        [
          -0.09120257198810577,
          0.2064458727836609,
          -0.9741981625556946,
          -3.9271185398101807
        ],
        [
          1.862645149230957e-09,
          0.9782753586769104,
          0.20730984210968018,
          0.8356927633285522
        ],
        [
          0.0,
          0.0,
          0.0,
          1.0
        ]
      ]
    },
    {
      "file_path": "./train/r_95",
      "rotation": 0.012566370614359171,
      "transform_matrix": [
        [
          0.4534713625907898,
          -0.11268522590398788,
          0.8841186165809631,
          3.5639960765838623
        ],
        [
          0.8912707567214966,
          0.0573333315551281,
          -0.44983240962028503,
          -1.813332438468933
        ],
        [
          0.0,
          0.9919750690460205,
          0.12643210589885712,
          0.5096641182899475
        ],
        [
          0.0,
          0.0,
          0.0,
          1.0
        ]
      ]
    }
  ]
}
