{
  "camera_angle_x": 0.6194058656692505,
  "frames": [
    {
      "file_path": "./train/r_1",
      "rotation": 0.012566370614359171,
      "transform_matrix": [
        [
          0.039040111005306244,
          0.7863055467605591,
          -0.6166033148765564,
          -2.485607147216797
        ],
        [
          -0.9992378354072571,
          0.030720870941877365,
          -0.02409062534570694,
          -0.09711240231990814
        ],
        [
          0.0,
          0.6170737743377686,
          0.7869054675102234,
          3.172116994857788
        ],
        [
          0.0,
          0.0,
          0.0,
          1.0
        ]
      ]
    },
    {
      "file_path": "./train/r_12",
      "rotation": 0.012566370614359171,
      "transform_matrix": [
        [
          0.3493795692920685,
          -0.14126531779766083,
          0.9262711405754089,
          3.7339179515838623
        ],
        [
          0.9369814991950989,
          0.05267469957470894,
          -0.34538590908050537,
          -1.392295002937317
        ],
        [
          0.0,
          0.988569438457489,
          0.15076641738414764,
          0.6077588200569153
        ],
        [
          0.0,
          0.0,
          0.0,
          1.0
        ]
      ]
    },
    {
      "file_path": "./train/r_15",
      "rotation": 0.012566370614359171,
      "transform_matrix": [
        [
          0.8871619701385498,
          0.35788071155548096,
          -0.29131653904914856,
          -1.1743344068527222
        ],
        [
          -0.46145856380462646,
          0.688031792640686,
          -0.5600610375404358,
          -2.2576780319213867
        ],
        [
          0.0,
          0.6312952637672424,
          0.7755427360534668,
          3.126312255859375
        ],
        [
          0.0,
          0.0,
          0.0,
          1.0
        ]
      ]
    },
    {
      "file_path": "./train/r_31",
      "rotation": 0.012566370614359171,
      "transform_matrix": [
        [
          0.6151498556137085,
          0.11093602329492569,
          -0.7805665731430054,
          -3.14656400680542
        ],
        [
          -0.788410484790802,
          0.08655679225921631,
          -0.6090297698974609,
          -2.4550771713256836
        ],
        [
          0.0,
          0.9900511503219604,
          0.14070849120616913,
          0.5672140121459961
        ],
        [
          0.0,
          0.0,
          0.0,
          1.0
        ]
      ]
    },
    {
      "file_path": "./train/r_32",
      "rotation": 0.012566370614359171,
      "transform_matrix": [
        [
          0.9322690963745117,
          -0.09736837446689606,
          0.34841617941856384,
          1.4045103788375854
        ],
        [
          0.36176571249961853,
          0.2509179711341858,
          -0.8978674411773682,
          -3.6194188594818115
        ],
        [
          7.450580596923828e-09,
          0.9630991220474243,
          0.2691476047039032,
          1.0849685668945312
        ],
        [
          0.0,
          0.0,
          0.0,
          1.0
        ]
      ]
    },
    {
      "file_path": "./train/r_41",
      "rotation": 0.012566370614359171,
      "transform_matrix": [
        [
          -0.6994525194168091,
          -0.5466083288192749,
          0.4604191184043884,
          1.8560086488723755
        ],
        [
          0.7146791815757751,
          -0.5349624752998352,
          0.45060962438583374,
          1.8164652585983276
        ],
        [
          -1.4901162970204496e-08,
          0.6442318558692932,
          0.7648304104804993,
          3.083129405975342
        ],
        [
          0.0,
          0.0,
          0.0,
          1.0
        ]
      ]
    },
    {
      "file_path": "./train/r_46",
      "rotation": 0.012566370614359171,
      "transform_matrix": [
        [
          -0.9313777089118958,
          -0.2628507614135742,
          0.2518834173679352,
          1.0153744220733643
        ],
        [
          0.3640546202659607,
          -0.6724631786346436,
          0.6444048881530762,
          2.5976788997650146
        ],
        [
          1.4901162970204496e-08,
          0.6918836236000061,
          0.7220091223716736,
          2.9105117321014404
        ],
        [
          0.0,
          0.0,
          0.0,
          1.0
        ]
      ]
    },
    {
      "file_path": "./train/r_47",
      "rotation": 0.012566370614359171,
      "transform_matrix": [
        [
          -0.6313618421554565,
          0.5890619158744812,
          -0.5043694376945496,
          -2.0331780910491943
        ],
        [
          -0.7754884958267212,
          -0.47958317399024963,
          0.4106310307979584,
          1.655306339263916
        ],
        [
          1.4901161193847656e-08,
          0.6503893733024597,
          0.7596011757850647,
          3.0620498657226562
        ],
        [
          0.0,
          0.0,
          0.0,
          1.0
        ]
      ]
    },
    {
      "file_path": "./train/r_54",
      "rotation": 0.012566370614359171,
      "transform_matrix": [
        [
          0.8569991588592529,
          -0.39509549736976624,
          0.33083590865135193,
          1.3336418867111206
        ],
        [
          0.5153182148933411,
          0.6570628881454468,
          -0.55019611120224,
          -2.2179110050201416
        ],
        [
          -1.4901162970204496e-08,
          0.6420031785964966,
          0.7667021751403809,
          3.09067440032959
        ],
        [
          0.0,
          0.0,
          0.0,
          1.0
        ]
      ]
    },
    {
      "file_path": "./train/r_56",
      "rotation": 0.012566370614359171,
      "transform_matrix": [
        [
          0.856073796749115,
          -0.17030687630176544,
          0.4879891872406006,
          1.9671471118927002
        ],
        [
          0.5168538093566895,
          0.282082200050354,
          -0.8082648515701294,
          -3.2582192420959473
        ],
        [
          -1.4901162970204496e-08,
          0.9441532492637634,
          0.32950690388679504,
          1.328284740447998
        ],
        [
          0.0,
          0.0,
          0.0,
          1.0
        ]
      ]
    },
    {
      "file_path": "./train/r_59",
      "rotation": 0.012566370614359171,
      "transform_matrix": [
        [
          -0.9913209676742554,
          -0.0741465762257576,
          0.10856033861637115,
          0.43762072920799255
        ],
        [
          0.13146507740020752,
          -0.5591070652008057,
          0.8186062574386597,
          3.2999074459075928
        ],
        [
          0.0,
          0.8257733583450317,
          0.5640020966529846,
          2.2735652923583984
        ],
        [
          0.0,
          0.0,
          0.0,
          1.0
        ]
      ]
    },
    {
      "file_path": "./train/r_60",
      "rotation": 0.012566370614359171,
      "transform_matrix": [
        [
          -0.8963611721992493,
          0.4184960722923279,
          -0.14628034830093384,
          -0.5896748900413513
        ],
        [
          -0.44332486391067505,
          -0.8461596965789795,
          0.29576510190963745,
          1.1922671794891357
        ],
        [
          0.0,
          0.32996198534965515,
          0.9439942836761475,
          3.8053622245788574
        ],
        [
          0.0,
          0.0,
          0.0,
          1.0
        ]
      ]
    },
    {
      "file_path": "./train/r_66",
      "rotation": 0.012566370614359171,
      "transform_matrix": [
        [
          0.13511687517166138,
          -0.419048011302948,
          0.8978543281555176,
          3.61936616897583
        ],
        [
          0.9908298254013062,
          0.05714448168873787,
          -0.12243805825710297,
          -0.49356353282928467
        ],
        [
          3.725290742551124e-09,
          0.9061641097068787,
          0.4229263961315155,
          1.704870581626892
        ],
        [
          0.0,
          0.0,
          0.0,
          1.0
        ]
      ]
    },
    {
      "file_path": "./train/r_67",
      "rotation": 0.012566370614359171,
      "transform_matrix": [
        [
          -0.8254600167274475,
          0.16219548881053925,
          -0.5406559705734253,
          -2.1794533729553223
        ],
        [
          -0.5644609928131104,
          -0.23719243705272675,
          0.7906478047370911,
          3.1872024536132812
        ],
        [
          0.0,
          0.9578268527984619,
          0.28734588623046875,
          1.1583280563354492
        ],
        [
          0.0,
          0.0,
          0.0,
          1.0
        ]
      ]
    },
    {
      "file_path": "./train/r_70",
      "rotation": 0.012566370614359171,
      "transform_matrix": [
        [
          -0.9403029084205627,
          -0.14074622094631195,
          0.3098728656768799,
          1.2491374015808105
        ],
        [
          0.3403390944004059,
          -0.38885945081710815,
          0.8561295866966248,
          3.4511682987213135
        ],
        [
          -7.450581485102248e-09,
          0.9104829430580139,
          0.41354700922966003,
          1.6670610904693604
        ],
        [
          0.0,
          0.0,
          0.0,
          1.0
        ]
      ]
    },
    {
      "file_path": "./train/r_71",
      "rotation": 0.012566370614359171,
      "transform_matrix": [
        [
          0.001445456175133586,
          0.36123916506767273,
          -0.9324721693992615,
          -3.7589151859283447
        ],
        [
          -0.9999991059303284,
          0.0005221558385528624,
          -0.0013478487962856889,
          -0.00543335173279047
        ],
        [
          -2.910383739562761e-11,
          0.9324731826782227,
          0.3612395226955414,
          1.4562029838562012
        ],
        [
          0.0,
          0.0,
          0.0,
          1.0
        ]
      ]
    },
    {
      "file_path": "./train/r_73",
      "rotation": 0.012566370614359171,
      "transform_matrix": [
        [
          0.9665830135345459,
          0.17645148932933807,
          -0.18596354126930237,
          -0.7496429681777954
        ],
        [
          -0.2563543915748596,
          0.6653094291687012,
          -0.7011746168136597,
          -2.8265249729156494
        ],
        [
          -7.450582373280668e-09,
          0.725415825843811,
          0.6883108615875244,
          2.774669647216797
        ],
        [
          0.0,
          0.0,
          0.0,
          1.0
        ]
      ]
    },
    {
      "file_path": "./train/r_75",
      "rotation": 0.012566370614359171,
      "transform_matrix": [
        [
          -0.6062473654747009,
          0.16107547283172607,
          -0.7787933349609375,
          -3.139415979385376
        ],
        [
          -0.7952763438224792,
          -0.12278950214385986,
          0.5936822295188904,
          2.393209457397461
        ],
        [
          7.450582373280668e-09,
          0.9792739152908325,
          0.2025403082370758,
          0.8164659738540649
        ],
        [
          0.0,
          0.0,
          0.0,
          1.0
        ]
      ]
    },
    {
      "file_path": "./train/r_78",
      "rotation": 0.012566370614359171,
      "transform_matrix": [
        [
          0.9047709703445435,
          0.25775662064552307,
          -0.3390445411205292,
          -1.366732120513916
        ],
        [
          -0.4258987307548523,
          0.5475732088088989,
          -0.7202596664428711,
          -2.903459310531616
        ],
        [
          1.4901162970204496e-08,
          0.796068549156189,
          0.6052065491676331,
          2.4396653175354004
        ],
        [
          0.0,
          0.0,
          0.0,
          1.0
        ]
      ]
    },
    {
      "file_path": "./train/r_82",
      "rotation": 0.012566370614359171,
      "transform_matrix": [
        [
          0.9999638795852661,
          -0.008322888985276222,
          0.0017888497095555067,
          0.007211082149296999
        ],
        [
          0.008512957952916622,
          0.9776375889778137,
          -0.2101249396800995,
          -0.8470405340194702
        ],
        [
          0.0,
          0.21013246476650238,
          0.9776731729507446,
          3.9411256313323975
        ],
        [
          0.0,
          0.0,
          0.0,
          1.0
        ]
      ]
    },
    {
      "file_path": "./train/r_85",
      "rotation": 0.012566370614359171,
      "transform_matrix": [
        [
          -0.6315382719039917,
          0.5169629454612732,
          -0.5778485536575317,
          -2.3293817043304443
        ],
        [
          -0.775344967842102,
          -0.42107954621315,
          0.47067245841026306,
          1.8973411321640015
        ],
        [
          1.4901162970204496e-08,
          0.7452794313430786,
          0.6667523384094238,
          2.6877644062042236
        ],
        [
          0.0,
          0.0,
          0.0,
          1.0
        ]
      ]
    },
    {
      "file_path": "./train/r_93",
      "rotation": 0.012566370614359171,
      "transform_matrix": [
        [
          -0.6168531775474548,
          -0.17374028265476227,
          0.7676631808280945,
          3.0945487022399902
        ],
        [
          0.7870784401893616,
          -0.13616465032100677,
          0.6016369462013245,
          2.4252758026123047
        ],
        [
          7.450582373280668e-09,
          0.9753325581550598,
          0.22074081003665924,
          0.8898345232009888
        ],
        [
          0.0,
          0.0,
          0.0,
          1.0
        ]
      ]
    },
    {
      "file_path": "./train/r_95",
      "rotation": 0.012566370614359171,
      "transform_matrix": [
        [
          -0.9533031582832336,
          -0.29905110597610474,
          0.04221281036734581,
          0.1701652705669403
        ],
        [
          0.3020156919956207,
          -0.9439454674720764,
          0.1332434117794037,
          0.5371212959289551
        ],
        [
          3.725291186640334e-09,
          0.1397702395915985,
          0.9901840090751648,
          3.9915590286254883
        ],
        [
          0.0,
          0.0,
          0.0,
          1.0
        ]
      ]
    },
    {
      "file_path": "./train/r_96",
      "rotation": 0.012566370614359171,
      "transform_matrix": [
        [
          -0.7767389416694641,
          0.2817264199256897,
          -0.5633002519607544,
          -2.270735740661621
        ],
        [
          -0.6298230290412903,
          -0.34744343161582947,
          0.694698691368103,
          2.800419807434082
        ],
        [
          0.0,
          0.8943788409233093,
          0.44731053709983826,
          1.803166151046753
        ],
        [
          0.0,
          0.0,
          0.0,
          1.0
        ]
      ]
    }
  ]
}
