{
  "camera_angle_x": 0.6194058656692505,
  "frames": [
    {
      "file_path": "./train/r_4",
      "rotation": 0.012566370614359171,
      "transform_matrix": [
        [
          0.0023611660581082106,
          0.05203204229474068,
          0.9986425638198853,
          4.0256571769714355
        ],
        [
          0.9999972581863403,
          -0.00012285663979128003,
          -0.0023579674307256937,
          -0.009505271911621094
        ],
        [
          1.4551916963090328e-11,
          0.9986452460289001,
          -0.052032191306352615,
          -0.20974849164485931
        ],
        [
          0.0,
          0.0,
          0.0,
          1.0
        ]
      ]
    },
    {
      "file_path": "./train/r_14",
      "rotation": 0.012566370614359171,
      "transform_matrix": [
        [
          -0.9997804760932922,
          -0.004428272135555744,
          -0.02048291452229023,
          -0.08256927132606506
        ],
        [
          -0.0209561325609684,
          0.21126513183116913,
          0.9772040843963623,
          3.9392356872558594
        ],
        [
          0.0,
          0.9774187803268433,
          -0.21131151914596558,
          -0.8518239855766296
        ],
        [
          0.0,
          0.0,
          0.0,
          1.0
        ]
      ]
    },
    {
      "file_path": "./train/r_25",
      "rotation": 0.012566370614359171,
      "transform_matrix": [
        [
          0.8324961066246033,
          0.5328204035758972,
          0.15183067321777344,
          0.6120491027832031
        ],
        [
          0.5540308952331543,
          -0.8006249070167542,
          -0.2281433343887329,
          -0.9196752309799194
        ],
        [
          -7.450580596923828e-09,
          0.2740474045276642,
          -0.9617161154747009,
          -3.8768019676208496
        ],
        [
          0.0,
          0.0,
          0.0,
          1.0
        ]
      ]
    },
    {
      "file_path": "./train/r_32",
      "rotation": 0.012566370614359171,
      "transform_matrix": [
        [
          -0.2852855324745178,
          -0.27617764472961426,
          -0.9177896976470947,
          -3.6997289657592773
        ],
        [
          -0.9584426283836365,
          0.08220575004816055,
          0.27318498492240906,
          1.1012439727783203
        ],
        [
          0.0,
          0.9575845003128052,
          -0.28815245628356934,
          -1.1615798473358154
        ],
        [
          0.0,
          0.0,
          0.0,
          1.0
        ]
      ]
    },
    {
      "file_path": "./train/r_35",
      "rotation": 0.012566370614359171,
      "transform_matrix": [
        [
          -0.9956588745117188,
          -0.006595838814973831,
          0.09284359961748123,
          0.37426453828811646
        ],
        [
          0.09307760000228882,
          -0.07055623084306717,
          0.9931557178497314,
          4.003539085388184
        ],
        [
          -4.656612873077393e-10,
          0.9974859952926636,
          0.07086385786533356,
          0.28566136956214905
        ],
        [
          0.0,
          0.0,
          0.0,
          1.0
        ]
      ]
    },
    {
      "file_path": "./train/r_37",
      "rotation": 0.012566370614359171,
      "transform_matrix": [
        [
          0.40765729546546936,
          0.12325835227966309,
          -0.9047777056694031,
          -3.647275924682617
        ],
        [
          -0.9131350517272949,
          0.05502709746360779,
          -0.403926283121109,
          -1.6282790899276733
        ],
        [
          3.725290742551124e-09,
          0.9908477067947388,
          0.13498370349407196,
          0.5441367626190186
        ],
        [
          0.0,
          0.0,
          0.0,
          1.0
        ]
      ]
    },
    {
      "file_path": "./train/r_61",
      "rotation": 0.012566370614359171,
      "transform_matrix": [
        [
          0.9821193218231201,
          -0.1730467975139618,
          0.0741392970085144,
          0.29886510968208313
        ],
        [
          0.188260018825531,
          0.9027546048164368,
          -0.38677164912223816,
          -1.5591264963150024
        ],
        [
          0.0,
          0.3938133120536804,
          0.9191903471946716,
          3.7053749561309814
        ],
        [
          0.0,
          0.0,
          0.0,
          1.0
        ]
      ]
    },
    {
      "file_path": "./train/r_75",
      "rotation": 0.012566370614359171,
      "transform_matrix": [
        [
          -0.30475327372550964,
          0.557217001914978,
          0.7724212408065796,
          3.11372971534729
        ],
        [
          0.9524313807487488,
          0.17829495668411255,
          0.24715471267700195,
          0.9963124990463257
        ],
        [
          0.0,
          0.8109993934631348,
          -0.5850469470024109,
          -2.3583996295928955
        ],
        [
          0.0,
          0.0,
          0.0,
          1.0
        ]
      ]
    },
    {
      "file_path": "./train/r_95",
      "rotation": 0.012566370614359171,
      "transform_matrix": [
        [
          -0.22804494202136993,
          0.7562955617904663,
          -0.6131986379623413,
          -2.4718830585479736
        ],
        [
          -0.9736506342887878,
          -0.17713680863380432,
          0.14362117648124695,
          0.5789555311203003
        ],
        [
          7.450580596923828e-09,
          0.6297933459281921,
          0.7767626643180847,
          3.131230592727661
        ],
        [
          0.0,
          0.0,
          0.0,
          1.0
        ]
      ]
    }
  ]
}
