{
  "camera_angle_x": 0.6911112070083618,
  "frames": [
    {
      "file_path": "./train/r_12",
      "rotation": 0.012566370614359171,
      "transform_matrix": [
        [
          -0.9713073372840881,
          0.20477895438671112,
          -0.12094451487064362,
          -0.48754292726516724
        ],
        [
          -0.23782765865325928,
          -0.8363337516784668,
          0.4939471483230591,
          1.9911646842956543
        ],
        [
          7.450580596923828e-09,
          0.5085384249687195,
          0.8610392212867737,
          3.4709601402282715
        ],
        [
          0.0,
          0.0,
          0.0,
          1.0
        ]
      ]
    },
    {
      "file_path": "./train/r_69",
      "rotation": 0.012566370614359171,
      "transform_matrix": [
        [
          0.23253430426120758,
          0.1524328589439392,
          -0.9605684876441956,
          -3.872175693511963
        ],
        [
          -0.9725881814956665,
          0.03644489124417305,
          -0.2296605408191681,
          -0.925791323184967
        ],
        [
          0.0,
          0.9876416325569153,
          0.1567290723323822,
          0.6317951679229736
        ],
        [
          0.0,
          0.0,
          0.0,
          1.0
        ]
      ]
    },
    {
      "file_path": "./train/r_95",
      "rotation": 0.012566370614359171,
      "transform_matrix": [
        [
          0.4534713923931122,
          -0.11268524080514908,
          0.8841186165809631,
          3.5639960765838623
        ],
        [
          0.8912708163261414,
          0.057333339005708694,
          -0.44983240962028503,
          -1.813332438468933
        ],
        [
          0.0,
          0.9919751882553101,
          0.12643210589885712,
          0.5096641182899475
        ],
        [
          0.0,
          0.0,
          0.0,
          1.0
        ]
      ]
    }
  ]
}
