{
  "camera_angle_x": 0.6194058656692505,
  "frames": [
    {
      "file_path": "./train/r_6",
      "rotation": 0.012566370614359171,
      "transform_matrix": [
        [
          -0.1076582819223404,
          0.4600231349468231,
          -0.8813561201095581,
          -3.5528597831726074
        ],
        [
          -0.994188129901886,
          -0.04981481656432152,
          0.09543997049331665,
          0.3847307562828064
        ],
        [
          0.0,
          0.8865084648132324,
          0.46271249651908875,
          1.8652534484863281
        ],
        [
          0.0,
          0.0,
          0.0,
          1.0
        ]
      ]
    },
    {
      "file_path": "./train/r_12",
      "rotation": 0.012566370614359171,
      "transform_matrix": [
        [
          0.3493795692920685,
          -0.14126531779766083,
          0.9262711405754089,
          3.7339179515838623
        ],
        [
          0.9369814991950989,
          0.05267469957470894,
          -0.34538590908050537,
          -1.392295002937317
        ],
        [
          0.0,
          0.988569438457489,
          0.15076641738414764,
          0.6077588200569153
        ],
        [
          0.0,
          0.0,
          0.0,
          1.0
        ]
      ]
    },
    {
      "file_path": "./train/r_21",
      "rotation": 0.012566370614359171,
      "transform_matrix": [
        [
          -0.6768665909767151,
          -0.5490877032279968,
          0.49025967717170715,
          1.97629976272583
        ],
        [
          0.7361058592796326,
          -0.5048990249633789,
          0.4508052468299866,
          1.817253828048706
        ],
        [
          1.4901162970204496e-08,
          0.6660179495811462,
          0.7459357976913452,
          3.0069632530212402
        ],
        [
          0.0,
          0.0,
          0.0,
          1.0
        ]
      ]
    },
    {
      "file_path": "./train/r_29",
      "rotation": 0.012566370614359171,
      "transform_matrix": [
        [
          -0.3899111747741699,
          -0.870246946811676,
          0.30106404423713684,
          1.213627815246582
        ],
        [
          0.9208526611328125,
          -0.3684834837913513,
          0.127477765083313,
          0.5138792395591736
        ],
        [
          -7.450582373280668e-09,
          0.3269403874874115,
          0.945044994354248,
          3.8095977306365967
        ],
        [
          0.0,
          0.0,
          0.0,
          1.0
        ]
      ]
    },
    {
      "file_path": "./train/r_31",
      "rotation": 0.012566370614359171,
      "transform_matrix": [
        [
          0.6151498556137085,
          0.11093602329492569,
          -0.7805665731430054,
          -3.14656400680542
        ],
        [
          -0.788410484790802,
          0.08655679225921631,
          -0.6090297698974609,
          -2.4550771713256836
        ],
        [
          0.0,
          0.9900511503219604,
          0.14070849120616913,
          0.5672140121459961
        ],
        [
          0.0,
          0.0,
          0.0,
          1.0
        ]
      ]
    },
    {
      "file_path": "./train/r_50",
      "rotation": 0.012566370614359171,
      "transform_matrix": [
        [
          0.9272192120552063,
          0.15697041153907776,
          -0.34003713726997375,
          -1.370733380317688
        ],
        [
          -0.3745196759700775,
          0.3886203467845917,
          -0.8418488502502441,
          -3.3936007022857666
        ],
        [
          0.0,
          0.9079287052154541,
          0.4191247224807739,
          1.6895455121994019
        ],
        [
          0.0,
          0.0,
          0.0,
          1.0
        ]
      ]
    },
    {
      "file_path": "./train/r_83",
      "rotation": 0.012566370614359171,
      "transform_matrix": [
        [
          -0.9940312504768372,
          0.06973108649253845,
          -0.08390398323535919,
          -0.3382277488708496
        ],
        [
          -0.10909769684076309,
          -0.6353468298912048,
          0.7644816637039185,
          3.081723690032959
        ],
        [
          3.725291186640334e-09,
          0.7690721154212952,
          0.6391620635986328,
          2.5765445232391357
        ],
        [
          0.0,
          0.0,
          0.0,
          1.0
        ]
      ]
    },
    {
      "file_path": "./train/r_84",
      "rotation": 0.012566370614359171,
      "transform_matrix": [
        [
          -0.8637934923171997,
          0.38998833298683167,
          -0.31901437044143677,
          -1.2859879732131958
        ],
        [
          -0.503846287727356,
          -0.6685954928398132,
          0.5469178557395935,
          2.2046961784362793
        ],
        [
          0.0,
          0.6331580877304077,
          0.7740225195884705,
          3.1201841831207275
        ],
        [
          0.0,
          0.0,
          0.0,
          1.0
        ]
      ]
    },
    {
      "file_path": "./train/r_98",
      "rotation": 0.012566370614359171,
      "transform_matrix": [
        [
          0.0029973825439810753,
          -0.5454782843589783,
          0.8381197452545166,
          3.378568172454834
        ],
        [
          0.9999957084655762,
          0.0016350139630958438,
          -0.0025121760554611683,
          -0.010126904584467411
        ],
        [
          0.0,
          0.8381232619285583,
          0.5454807877540588,
          2.1989030838012695
        ],
        [
          0.0,
          0.0,
          0.0,
          1.0
        ]
      ]
    }
  ]
}
