{
  "camera_angle_x": 0.6911112070083618,
  "frames": [
    {
      "file_path": "./train/r_0",
      "rotation": 0.012566370614359171,
      "transform_matrix": [
        [
          -0.9999021887779236,
          0.004192245192825794,
          -0.013345719315111637,
          -0.05379832163453102
        ],
        [
          -0.013988681137561798,
          -0.2996590733528137,
          0.95394366979599,
          3.845470428466797
        ],
        [
          -4.656612873077393e-10,
          0.9540371894836426,
          0.29968830943107605,
          1.2080823183059692
        ],
        [
          0.0,
          0.0,
          0.0,
          1.0
        ]
      ]
    },
    {
      "file_path": "./train/r_1",
      "rotation": 0.012566370614359171,
      "transform_matrix": [
        [
          -0.9305422306060791,
          0.11707554012537003,
          -0.34696459770202637,
          -1.398659110069275
        ],
        [
          -0.3661845624446869,
          -0.29751041531562805,
          0.8817007541656494,
          3.5542497634887695
        ],
        [
          7.450580596923828e-09,
          0.9475130438804626,
          0.3197172284126282,
          1.2888214588165283
        ],
        [
          0.0,
          0.0,
          0.0,
          1.0
        ]
      ]
    },
    {
      "file_path": "./train/r_10",
      "rotation": 0.012566370614359171,
      "transform_matrix": [
        [
          0.5218667387962341,
          0.18684424459934235,
          -0.8323126435279846,
          -3.3551595211029053
        ],
        [
          -0.8530270457267761,
          0.1143079623579979,
          -0.509194016456604,
          -2.052626848220825
        ],
        [
          -7.450580596923828e-09,
          0.9757166504859924,
          0.21903668344020844,
          0.882965087890625
        ],
        [
          0.0,
          0.0,
          0.0,
          1.0
        ]
      ]
    },
    {
      "file_path": "./train/r_14",
      "rotation": 0.012566370614359171,
      "transform_matrix": [
        [
          -0.06348517537117004,
          0.8717355132102966,
          -0.48584654927253723,
          -1.9585098028182983
        ],
        [
          -0.9979828596115112,
          -0.05545414239168167,
          0.030906395986676216,
          0.12458765506744385
        ],
        [
          0.0,
          0.4868285059928894,
          0.8734976053237915,
          3.521181106567383
        ],
        [
          0.0,
          0.0,
          0.0,
          1.0
        ]
      ]
    },
    {
      "file_path": "./train/r_16",
      "rotation": 0.012566370614359171,
      "transform_matrix": [
        [
          0.1303573101758957,
          0.5973315834999084,
          -0.7913291454315186,
          -3.1899499893188477
        ],
        [
          -0.9914670586585999,
          0.07853669673204422,
          -0.10404333472251892,
          -0.41941213607788086
        ],
        [
          7.4505797087454084e-09,
          0.7981396317481995,
          0.6024724841117859,
          2.4286444187164307
        ],
        [
          0.0,
          0.0,
          0.0,
          1.0
        ]
      ]
    },
    {
      "file_path": "./train/r_24",
      "rotation": 0.012566370614359171,
      "transform_matrix": [
        [
          0.7739522457122803,
          0.35971799492836,
          -0.5211533904075623,
          -2.1008365154266357
        ],
        [
          -0.633243978023529,
          0.4396481513977051,
          -0.6369548439979553,
          -2.5676472187042236
        ],
        [
          0.0,
          0.8229899406433105,
          0.5680559277534485,
          2.2899067401885986
        ],
        [
          0.0,
          0.0,
          0.0,
          1.0
        ]
      ]
    },
    {
      "file_path": "./train/r_26",
      "rotation": 0.012566370614359171,
      "transform_matrix": [
        [
          -0.9752575159072876,
          -0.03920060396194458,
          0.21756872534751892,
          0.8770476579666138
        ],
        [
          0.22107206284999847,
          -0.17293314635753632,
          0.9598026275634766,
          3.8690884113311768
        ],
        [
          3.725290742551124e-09,
          0.9841530919075012,
          0.1773204803466797,
          0.7148017883300781
        ],
        [
          0.0,
          0.0,
          0.0,
          1.0
        ]
      ]
    },
    {
      "file_path": "./train/r_27",
      "rotation": 0.012566370614359171,
      "transform_matrix": [
        [
          -0.9902960658073425,
          0.09176140278577805,
          -0.10437164455652237,
          -0.42073559761047363
        ],
        [
          -0.13897335529327393,
          -0.6538731455802917,
          0.7437312006950378,
          2.9980766773223877
        ],
        [
          0.0,
          0.7510190606117249,
          0.6602804064750671,
          2.6616756916046143
        ],
        [
          0.0,
          0.0,
          0.0,
          1.0
        ]
      ]
    },
    {
      "file_path": "./train/r_33",
      "rotation": 0.012566370614359171,
      "transform_matrix": [
        [
          0.7431973218917847,
          -0.5280798077583313,
          0.41083991527557373,
          1.6561487913131714
        ],
        [
          0.6690723896026611,
          0.5865845680236816,
          -0.4563559293746948,
          -1.8396297693252563
        ],
        [
          0.0,
          0.6140441298484802,
          0.7892715930938721,
          3.1816558837890625
        ],
        [
          0.0,
          0.0,
          0.0,
          1.0
        ]
      ]
    },
    {
      "file_path": "./train/r_37",
      "rotation": 0.012566370614359171,
      "transform_matrix": [
        [
          -0.46346595883369446,
          -0.8589088916778564,
          0.21788737177848816,
          0.8783321380615234
        ],
        [
          0.886114776134491,
          -0.4492363929748535,
          0.11396195739507675,
          0.4593953788280487
        ],
        [
          0.0,
          0.24589067697525024,
          0.969297468662262,
          3.9073634147644043
        ],
        [
          0.0,
          0.0,
          0.0,
          1.0
        ]
      ]
    },
    {
      "file_path": "./train/r_40",
      "rotation": 0.012566370614359171,
      "transform_matrix": [
        [
          -0.4379815459251404,
          0.34720176458358765,
          -0.8292304277420044,
          -3.3427348136901855
        ],
        [
          -0.8989839553833008,
          -0.16915537416934967,
          0.40399786829948425,
          1.6285674571990967
        ],
        [
          -1.4901161193847656e-08,
          0.922408401966095,
          0.3862157464027405,
          1.5568854808807373
        ],
        [
          0.0,
          0.0,
          0.0,
          1.0
        ]
      ]
    },
    {
      "file_path": "./train/r_42",
      "rotation": 0.012566370614359171,
      "transform_matrix": [
        [
          -0.9928660988807678,
          -0.019224023446440697,
          0.11767476797103882,
          0.47436219453811646
        ],
        [
          0.11923471093177795,
          -0.160078227519989,
          0.9798764586448669,
          3.9500086307525635
        ],
        [
          0.0,
          0.9869171380996704,
          0.16122838854789734,
          0.6499325037002563
        ],
        [
          0.0,
          0.0,
          0.0,
          1.0
        ]
      ]
    },
    {
      "file_path": "./train/r_49",
      "rotation": 0.012566370614359171,
      "transform_matrix": [
        [
          0.3739576041698456,
          -0.8564795851707458,
          0.35580646991729736,
          1.434301733970642
        ],
        [
          0.9274457693099976,
          0.3453431725502014,
          -0.1434655785560608,
          -0.5783282518386841
        ],
        [
          0.0,
          0.38364121317863464,
          0.9234821796417236,
          3.7226758003234863
        ],
        [
          0.0,
          0.0,
          0.0,
          1.0
        ]
      ]
    },
    {
      "file_path": "./train/r_61",
      "rotation": 0.012566370614359171,
      "transform_matrix": [
        [
          -0.999970555305481,
          0.0056571876630187035,
          -0.00517683569341898,
          -0.020868491381406784
        ],
        [
          -0.007668337319046259,
          -0.7377116084098816,
          0.675072431564331,
          2.721303939819336
        ],
        [
          -4.6566125955216364e-10,
          0.675092339515686,
          0.7377332448959351,
          2.973897933959961
        ],
        [
          0.0,
          0.0,
          0.0,
          1.0
        ]
      ]
    },
    {
      "file_path": "./train/r_65",
      "rotation": 0.012566370614359171,
      "transform_matrix": [
        [
          0.9800372123718262,
          -0.039007220417261124,
          0.1949501782655716,
          0.7858693599700928
        ],
        [
          0.19881436228752136,
          0.1922825276851654,
          -0.9609891176223755,
          -3.873871326446533
        ],
        [
          0.0,
          0.9805640578269958,
          0.1961991935968399,
          0.7909042835235596
        ],
        [
          0.0,
          0.0,
          0.0,
          1.0
        ]
      ]
    },
    {
      "file_path": "./train/r_69",
      "rotation": 0.012566370614359171,
      "transform_matrix": [
        [
          0.23253430426120758,
          0.1524328589439392,
          -0.9605684876441956,
          -3.872175693511963
        ],
        [
          -0.9725881814956665,
          0.03644489124417305,
          -0.2296605408191681,
          -0.925791323184967
        ],
        [
          0.0,
          0.9876416325569153,
          0.1567290723323822,
          0.6317951679229736
        ],
        [
          0.0,
          0.0,
          0.0,
          1.0
        ]
      ]
    },
    {
      "file_path": "./train/r_71",
      "rotation": 0.012566370614359171,
      "transform_matrix": [
        [
          0.9513999223709106,
          0.208729088306427,
          -0.22642995417118073,
          -0.9127683639526367
        ],
        [
          -0.30795836448669434,
          0.6448431015014648,
          -0.6995278000831604,
          -2.8198866844177246
        ],
        [
          0.0,
          0.7352616190910339,
          0.6777834296226501,
          2.7322323322296143
        ],
        [
          0.0,
          0.0,
          0.0,
          1.0
        ]
      ]
    },
    {
      "file_path": "./train/r_72",
      "rotation": 0.012566370614359171,
      "transform_matrix": [
        [
          0.327425479888916,
          -0.32604190707206726,
          0.8868421912193298,
          3.5749754905700684
        ],
        [
          0.9448769688606262,
          0.1129823625087738,
          -0.3073148727416992,
          -1.238826036453247
        ],
        [
          7.450580596923828e-09,
          0.9385795593261719,
          0.3450627624988556,
          1.3909926414489746
        ],
        [
          0.0,
          0.0,
          0.0,
          1.0
        ]
      ]
    },
    {
      "file_path": "./train/r_74",
      "rotation": 0.012566370614359171,
      "transform_matrix": [
        [
          -0.7232142090797424,
          -0.2793499827384949,
          0.6316049695014954,
          2.546081066131592
        ],
        [
          0.6906238794326782,
          -0.29253241419792175,
          0.6614102125167847,
          2.666229724884033
        ],
        [
          -1.4901161193847656e-08,
          0.9145427346229553,
          0.4044893682003021,
          1.6305487155914307
        ],
        [
          0.0,
          0.0,
          0.0,
          1.0
        ]
      ]
    },
    {
      "file_path": "./train/r_79",
      "rotation": 0.012566370614359171,
      "transform_matrix": [
        [
          -0.9993038773536682,
          -0.0326223149895668,
          0.018094748258590698,
          0.07294226437807083
        ],
        [
          0.037304628640413284,
          -0.8738756775856018,
          0.4847160875797272,
          1.9539530277252197
        ],
        [
          0.0,
          0.48505374789237976,
          0.8744843602180481,
          3.5251591205596924
        ],
        [
          0.0,
          0.0,
          0.0,
          1.0
        ]
      ]
    },
    {
      "file_path": "./train/r_83",
      "rotation": 0.012566370614359171,
      "transform_matrix": [
        [
          -0.048472680151462555,
          0.48035264015197754,
          -0.8757349252700806,
          -3.530200481414795
        ],
        [
          -0.9988245964050293,
          -0.023311378434300423,
          0.04249916970729828,
          0.1713196337223053
        ],
        [
          0.0,
          0.8767656087875366,
          0.48091796040534973,
          1.9386422634124756
        ],
        [
          0.0,
          0.0,
          0.0,
          1.0
        ]
      ]
    },
    {
      "file_path": "./train/r_90",
      "rotation": 0.012566370614359171,
      "transform_matrix": [
        [
          0.08438806980848312,
          0.515834391117096,
          -0.8525218367576599,
          -3.4366254806518555
        ],
        [
          -0.9964329600334167,
          0.04368609935045242,
          -0.0722002163529396,
          -0.2910483777523041
        ],
        [
          0.0,
          0.8555737137794495,
          0.5176809430122375,
          2.086838722229004
        ],
        [
          0.0,
          0.0,
          0.0,
          1.0
        ]
      ]
    },
    {
      "file_path": "./train/r_92",
      "rotation": 0.012566370614359171,
      "transform_matrix": [
        [
          0.8475823402404785,
          0.40216803550720215,
          -0.3462150990962982,
          -1.3956377506256104
        ],
        [
          -0.5306636691093445,
          0.6423475742340088,
          -0.5529788732528687,
          -2.2291290760040283
        ],
        [
          0.0,
          0.6524189114570618,
          0.7578585147857666,
          3.055025339126587
        ],
        [
          0.0,
          0.0,
          0.0,
          1.0
        ]
      ]
    },
    {
      "file_path": "./train/r_95",
      "rotation": 0.012566370614359171,
      "transform_matrix": [
        [
          0.4534713923931122,
          -0.11268524080514908,
          0.8841186165809631,
          3.5639960765838623
        ],
        [
          0.8912708163261414,
          0.057333339005708694,
          -0.44983240962028503,
          -1.813332438468933
        ],
        [
          0.0,
          0.9919751882553101,
          0.12643210589885712,
          0.5096641182899475
        ],
        [
          0.0,
          0.0,
          0.0,
          1.0
        ]
      ]
    }
  ]
}
