{
  "camera_angle_x": 0.6911112070083618,
  "frames": [
    {
      "file_path": "./train/r_2",
      "rotation": 0.012566370614359171,
      "transform_matrix": [
        [
          0.9347274303436279,
          -0.13564807176589966,
          0.32845768332481384,
          1.3240551948547363
        ],
        [
          0.3553657829761505,
          0.3567984700202942,
          -0.8639503717422485,
          -3.4826948642730713
        ],
        [
          0.0,
          0.9242804646492004,
          0.38171401619911194,
          1.5387381315231323
        ],
        [
          0.0,
          0.0,
          0.0,
          1.0
        ]
      ]
    },
    {
      "file_path": "./train/r_5",
      "rotation": 0.012566370614359171,
      "transform_matrix": [
        [
          -0.24705657362937927,
          0.013771108351647854,
          -0.9689033031463623,
          -3.905773639678955
        ],
        [
          -0.9690011143684387,
          -0.003511082148179412,
          0.24703162908554077,
          0.9958162307739258
        ],
        [
          2.3283064365386963e-10,
          0.9998990893363953,
          0.014211654663085938,
          0.0572890043258667
        ],
        [
          0.0,
          0.0,
          0.0,
          1.0
        ]
      ]
    },
    {
      "file_path": "./train/r_7",
      "rotation": 0.012566370614359171,
      "transform_matrix": [
        [
          -0.6774958968162537,
          -0.1072375625371933,
          -0.7276671528816223,
          -2.9333200454711914
        ],
        [
          -0.7355266809463501,
          0.09877684712409973,
          0.6702564358711243,
          2.701890230178833
        ],
        [
          0.0,
          0.9893144965171814,
          -0.1457969844341278,
          -0.5877264142036438
        ],
        [
          0.0,
          0.0,
          0.0,
          1.0
        ]
      ]
    },
    {
      "file_path": "./train/r_11",
      "rotation": 0.012566370614359171,
      "transform_matrix": [
        [
          -0.3959299921989441,
          0.053933996707201004,
          0.9166954755783081,
          3.6953177452087402
        ],
        [
          0.9182809591293335,
          0.02325441502034664,
          0.39524638652801514,
          1.5932891368865967
        ],
        [
          0.0,
          0.9982736110687256,
          -0.05873367190361023,
          -0.23676300048828125
        ],
        [
          0.0,
          0.0,
          0.0,
          1.0
        ]
      ]
    },
    {
      "file_path": "./train/r_14",
      "rotation": 0.012566370614359171,
      "transform_matrix": [
        [
          0.998323380947113,
          -0.05769515037536621,
          -0.004667821805924177,
          -0.018816590309143066
        ],
        [
          -0.057883672416210175,
          -0.9950720071792603,
          -0.08050622791051865,
          -0.3245309591293335
        ],
        [
          0.0,
          0.0806414932012558,
          -0.9967432618141174,
          -4.01800012588501
        ],
        [
          0.0,
          0.0,
          0.0,
          1.0
        ]
      ]
    },
    {
      "file_path": "./train/r_25",
      "rotation": 0.012566370614359171,
      "transform_matrix": [
        [
          0.40092355012893677,
          -0.5279554128646851,
          0.7486811876296997,
          3.0180301666259766
        ],
        [
          0.9161117672920227,
          0.23105232417583466,
          -0.32764989137649536,
          -1.3207988739013672
        ],
        [
          0.0,
          0.8172379732131958,
          0.5763004422187805,
          2.323141098022461
        ],
        [
          0.0,
          0.0,
          0.0,
          1.0
        ]
      ]
    },
    {
      "file_path": "./train/r_30",
      "rotation": 0.012566370614359171,
      "transform_matrix": [
        [
          -0.768254816532135,
          -0.3680342435836792,
          -0.5237706899642944,
          -2.111387014389038
        ],
        [
          -0.6401445269584656,
          0.44168782234191895,
          0.6285912990570068,
          2.5339324474334717
        ],
        [
          0.0,
          0.8182069659233093,
          -0.5749238133430481,
          -2.317591667175293
        ],
        [
          0.0,
          0.0,
          0.0,
          1.0
        ]
      ]
    },
    {
      "file_path": "./train/r_31",
      "rotation": 0.012566370614359171,
      "transform_matrix": [
        [
          0.4784068465232849,
          0.5377053022384644,
          0.6942621469497681,
          2.7986600399017334
        ],
        [
          0.8781383037567139,
          -0.29294008016586304,
          -0.3782317340373993,
          -1.52470064163208
        ],
        [
          1.4901162970204496e-08,
          0.7906067371368408,
          -0.6123242378234863,
          -2.468357801437378
        ],
        [
          0.0,
          0.0,
          0.0,
          1.0
        ]
      ]
    },
    {
      "file_path": "./train/r_41",
      "rotation": 0.012566370614359171,
      "transform_matrix": [
        [
          -0.2604670226573944,
          -0.3373940587043762,
          -0.9046118259429932,
          -3.646605968475342
        ],
        [
          -0.9654828906059265,
          0.0910218358039856,
          0.24404528737068176,
          0.9837777614593506
        ],
        [
          0.0,
          0.9369527101516724,
          -0.3494563400745392,
          -1.408703327178955
        ],
        [
          0.0,
          0.0,
          0.0,
          1.0
        ]
      ]
    },
    {
      "file_path": "./train/r_46",
      "rotation": 0.012566370614359171,
      "transform_matrix": [
        [
          0.8025517463684082,
          0.3730890154838562,
          -0.46552708745002747,
          -1.8765994310379028
        ],
        [
          -0.5965827107429504,
          0.5018972754478455,
          -0.626249372959137,
          -2.524491786956787
        ],
        [
          1.4901162970204496e-08,
          0.7803227305412292,
          0.6253769993782043,
          2.520975112915039
        ],
        [
          0.0,
          0.0,
          0.0,
          1.0
        ]
      ]
    },
    {
      "file_path": "./train/r_48",
      "rotation": 0.012566370614359171,
      "transform_matrix": [
        [
          0.9540563821792603,
          0.22502031922340393,
          0.1978442519903183,
          0.7975355982780457
        ],
        [
          0.29962724447250366,
          -0.7164971828460693,
          -0.6299646496772766,
          -2.53946852684021
        ],
        [
          -1.4901161193847656e-08,
          0.6603012681007385,
          -0.7510009407997131,
          -3.027381181716919
        ],
        [
          0.0,
          0.0,
          0.0,
          1.0
        ]
      ]
    },
    {
      "file_path": "./train/r_49",
      "rotation": 0.012566370614359171,
      "transform_matrix": [
        [
          0.6761817336082458,
          0.27974894642829895,
          0.6815563440322876,
          2.747441291809082
        ],
        [
          0.7367350459098816,
          -0.2567559480667114,
          -0.6255382299423218,
          -2.52162504196167
        ],
        [
          -1.4901164746561335e-08,
          0.9251036643981934,
          -0.3797145485877991,
          -1.5306780338287354
        ],
        [
          0.0,
          0.0,
          0.0,
          1.0
        ]
      ]
    },
    {
      "file_path": "./train/r_51",
      "rotation": 0.012566370614359171,
      "transform_matrix": [
        [
          -0.465353786945343,
          -0.11320587247610092,
          0.877855658531189,
          3.5387489795684814
        ],
        [
          0.885124921798706,
          -0.05951790139079094,
          0.46153196692466736,
          1.860494613647461
        ],
        [
          0.0,
          0.9917871356010437,
          0.1278982311487198,
          0.5155742168426514
        ],
        [
          0.0,
          0.0,
          0.0,
          1.0
        ]
      ]
    },
    {
      "file_path": "./train/r_54",
      "rotation": 0.012566370614359171,
      "transform_matrix": [
        [
          -0.5612479448318481,
          -0.7092797160148621,
          -0.42652469873428345,
          -1.7193758487701416
        ],
        [
          -0.8276479244232178,
          0.4809795916080475,
          0.2892366349697113,
          1.165950059890747
        ],
        [
          0.0,
          0.5153456330299377,
          -0.8569825887680054,
          -3.454606771469116
        ],
        [
          0.0,
          0.0,
          0.0,
          1.0
        ]
      ]
    },
    {
      "file_path": "./train/r_57",
      "rotation": 0.012566370614359171,
      "transform_matrix": [
        [
          -0.03307080641388893,
          -0.5419251322746277,
          -0.8397759199142456,
          -3.385244607925415
        ],
        [
          -0.9994531273841858,
          0.017931707203388214,
          0.027787262573838234,
          0.11201402544975281
        ],
        [
          0.0,
          0.8402353525161743,
          -0.5422217845916748,
          -2.1857657432556152
        ],
        [
          0.0,
          0.0,
          0.0,
          1.0
        ]
      ]
    },
    {
      "file_path": "./train/r_62",
      "rotation": 0.012566370614359171,
      "transform_matrix": [
        [
          -0.9867661595344543,
          -0.046577319502830505,
          0.15531609952449799,
          0.626099169254303
        ],
        [
          0.16214972734451294,
          -0.28344741463661194,
          0.9451799392700195,
          3.8101418018341064
        ],
        [
          -3.725290298461914e-09,
          0.9578559398651123,
          0.2872488498687744,
          1.1579370498657227
        ],
        [
          0.0,
          0.0,
          0.0,
          1.0
        ]
      ]
    },
    {
      "file_path": "./train/r_64",
      "rotation": 0.012566370614359171,
      "transform_matrix": [
        [
          -0.9903931617736816,
          0.11430471390485764,
          -0.07782167941331863,
          -0.31370922923088074
        ],
        [
          -0.13828156888484955,
          -0.8186673521995544,
          0.5573704838752747,
          2.2468323707580566
        ],
        [
          0.0,
          0.5627771019935608,
          0.8266085982322693,
          3.3321659564971924
        ],
        [
          0.0,
          0.0,
          0.0,
          1.0
        ]
      ]
    },
    {
      "file_path": "./train/r_68",
      "rotation": 0.012566370614359171,
      "transform_matrix": [
        [
          -0.7137083411216736,
          0.13987359404563904,
          0.6863351464271545,
          2.766705274581909
        ],
        [
          0.7004431486129761,
          0.14252257347106934,
          0.6993331909179688,
          2.8191020488739014
        ],
        [
          0.0,
          0.9798585176467896,
          -0.19969306886196136,
          -0.8049883842468262
        ],
        [
          0.0,
          0.0,
          0.0,
          1.0
        ]
      ]
    },
    {
      "file_path": "./train/r_70",
      "rotation": 0.012566370614359171,
      "transform_matrix": [
        [
          0.07177760452032089,
          0.3937987983226776,
          -0.9163900017738342,
          -3.6940858364105225
        ],
        [
          -0.9974208474159241,
          0.028339026495814323,
          -0.06594636291265488,
          -0.26583826541900635
        ],
        [
          1.862645593320167e-09,
          0.9187596440315247,
          0.3948172628879547,
          1.5915590524673462
        ],
        [
          0.0,
          0.0,
          0.0,
          1.0
        ]
      ]
    },
    {
      "file_path": "./train/r_77",
      "rotation": 0.012566370614359171,
      "transform_matrix": [
        [
          -0.9996786117553711,
          0.0223421361297369,
          0.011990643106400967,
          0.04833582043647766
        ],
        [
          0.025356393307447433,
          0.8808411955833435,
          0.47273242473602295,
          1.9056451320648193
        ],
        [
          0.0,
          0.4728843569755554,
          -0.8811246156692505,
          -3.551926374435425
        ],
        [
          0.0,
          0.0,
          0.0,
          1.0
        ]
      ]
    },
    {
      "file_path": "./train/r_80",
      "rotation": 0.012566370614359171,
      "transform_matrix": [
        [
          0.7298864722251892,
          0.027548881247639656,
          -0.6830131411552429,
          -2.7533137798309326
        ],
        [
          -0.68356853723526,
          0.029415568336844444,
          -0.7292934656143188,
          -2.939875841140747
        ],
        [
          1.862645371275562e-09,
          0.9991875886917114,
          0.040301572531461716,
          0.1624608188867569
        ],
        [
          0.0,
          0.0,
          0.0,
          1.0
        ]
      ]
    },
    {
      "file_path": "./train/r_86",
      "rotation": 0.012566370614359171,
      "transform_matrix": [
        [
          -0.2978440523147583,
          -0.02217649668455124,
          0.9543570280075073,
          3.8471357822418213
        ],
        [
          0.9546146392822266,
          -0.006919166538864374,
          0.2977636754512787,
          1.2003237009048462
        ],
        [
          0.0,
          0.9997302293777466,
          0.023230839520692825,
          0.09364650398492813
        ],
        [
          0.0,
          0.0,
          0.0,
          1.0
        ]
      ]
    },
    {
      "file_path": "./train/r_88",
      "rotation": 0.012566370614359171,
      "transform_matrix": [
        [
          0.16928021609783173,
          0.7514552474021912,
          0.6376983523368835,
          2.5706441402435303
        ],
        [
          0.9855681657791138,
          -0.12906920909881592,
          -0.10953044146299362,
          -0.4415312707424164
        ],
        [
          0.0,
          0.6470363140106201,
          -0.7624592185020447,
          -3.073570966720581
        ],
        [
          0.0,
          0.0,
          0.0,
          1.0
        ]
      ]
    },
    {
      "file_path": "./train/r_98",
      "rotation": 0.012566370614359171,
      "transform_matrix": [
        [
          -0.989133358001709,
          0.04362931475043297,
          -0.14039933681488037,
          -0.5659677982330322
        ],
        [
          -0.14702208340168,
          -0.2935287654399872,
          0.9445769190788269,
          3.807710886001587
        ],
        [
          0.0,
          0.9549541473388672,
          0.29675352573394775,
          1.196251630783081
        ],
        [
          0.0,
          0.0,
          0.0,
          1.0
        ]
      ]
    }
  ]
}
