{
  "camera_angle_x": 0.6911112070083618,
  "frames": [
    {
      "file_path": "./train/r_9",
      "rotation": 0.012566370614359171,
      "transform_matrix": [
        [
          -0.23337772488594055,
          0.44256603717803955,
          -0.8658348917961121,
          -3.4902923107147217
        ],
        [
          -0.9723862409591675,
          -0.1062181368470192,
          0.2078048586845398,
          0.8376882672309875
        ],
        [
          7.450581485102248e-09,
          0.8904228806495667,
          0.45513397455215454,
          1.834703803062439
        ],
        [
          0.0,
          0.0,
          0.0,
          1.0
        ]
      ]
    },
    {
      "file_path": "./train/r_12",
      "rotation": 0.012566370614359171,
      "transform_matrix": [
        [
          -0.9713073372840881,
          0.20477895438671112,
          -0.12094451487064362,
          -0.48754292726516724
        ],
        [
          -0.23782765865325928,
          -0.8363337516784668,
          0.4939471483230591,
          1.9911646842956543
        ],
        [
          7.450580596923828e-09,
          0.5085384249687195,
          0.8610392212867737,
          3.4709601402282715
        ],
        [
          0.0,
          0.0,
          0.0,
          1.0
        ]
      ]
    },
    {
      "file_path": "./train/r_36",
      "rotation": 0.012566370614359171,
      "transform_matrix": [
        [
          0.7656702995300293,
          -0.4731244146823883,
          0.4357779026031494,
          1.7566769123077393
        ],
        [
          0.6432332396507263,
          0.5631818175315857,
          -0.5187265872955322,
          -2.0910537242889404
        ],
        [
          2.9802320611338473e-08,
          0.6774803400039673,
          0.7355409264564514,
          2.965060234069824
        ],
        [
          0.0,
          0.0,
          0.0,
          1.0
        ]
      ]
    },
    {
      "file_path": "./train/r_41",
      "rotation": 0.012566370614359171,
      "transform_matrix": [
        [
          -0.994414210319519,
          0.02083449251949787,
          -0.10347140580415726,
          -0.41710659861564636
        ],
        [
          -0.10554812848567963,
          -0.19629065692424774,
          0.9748484492301941,
          3.9297399520874023
        ],
        [
          3.7252898543727042e-09,
          0.9803244471549988,
          0.1973932385444641,
          0.7957176566123962
        ],
        [
          0.0,
          0.0,
          0.0,
          1.0
        ]
      ]
    },
    {
      "file_path": "./train/r_57",
      "rotation": 0.012566370614359171,
      "transform_matrix": [
        [
          -0.9822137951850891,
          -0.1677587777376175,
          0.08433839678764343,
          0.339978963136673
        ],
        [
          0.1877657175064087,
          -0.8775562047958374,
          0.44117921590805054,
          1.7784502506256104
        ],
        [
          0.0,
          0.4491681754589081,
          0.89344722032547,
          3.6016008853912354
        ],
        [
          0.0,
          0.0,
          0.0,
          1.0
        ]
      ]
    },
    {
      "file_path": "./train/r_59",
      "rotation": 0.012566370614359171,
      "transform_matrix": [
        [
          -0.28166845440864563,
          -0.5504832863807678,
          0.7858948707580566,
          3.168043851852417
        ],
        [
          0.9595118761062622,
          -0.16159653663635254,
          0.2307025045156479,
          0.929991602897644
        ],
        [
          2.980232594040899e-08,
          0.819057047367096,
          0.5737119317054749,
          2.31270694732666
        ],
        [
          0.0,
          0.0,
          0.0,
          1.0
        ]
      ]
    },
    {
      "file_path": "./train/r_69",
      "rotation": 0.012566370614359171,
      "transform_matrix": [
        [
          0.23253430426120758,
          0.1524328589439392,
          -0.9605684876441956,
          -3.872175693511963
        ],
        [
          -0.9725881814956665,
          0.03644489124417305,
          -0.2296605408191681,
          -0.925791323184967
        ],
        [
          0.0,
          0.9876416325569153,
          0.1567290723323822,
          0.6317951679229736
        ],
        [
          0.0,
          0.0,
          0.0,
          1.0
        ]
      ]
    },
    {
      "file_path": "./train/r_75",
      "rotation": 0.012566370614359171,
      "transform_matrix": [
        [
          -0.9798775315284729,
          0.03400515764951706,
          -0.19668211042881012,
          -0.7928509712219238
        ],
        [
          -0.19960013031959534,
          -0.16693821549415588,
          0.9655523896217346,
          3.892266273498535
        ],
        [
          3.725290742551124e-09,
          0.9853807687759399,
          0.17036642134189606,
          0.6867690086364746
        ],
        [
          0.0,
          0.0,
          0.0,
          1.0
        ]
      ]
    },
    {
      "file_path": "./train/r_95",
      "rotation": 0.012566370614359171,
      "transform_matrix": [
        [
          0.4534713923931122,
          -0.11268524080514908,
          0.8841186165809631,
          3.5639960765838623
        ],
        [
          0.8912708163261414,
          0.057333339005708694,
          -0.44983240962028503,
          -1.813332438468933
        ],
        [
          0.0,
          0.9919751882553101,
          0.12643210589885712,
          0.5096641182899475
        ],
        [
          0.0,
          0.0,
          0.0,
          1.0
        ]
      ]
    }
  ]
}
